listOfInterval = 
-1.531454
 -0.428848
 0.673757
 1.776363
 2.878968
 3.981574
 5.084179
 6.186785
 7.289390
 8.391996
 9.494601
 
medianOfInterval = 
-0.980151
 0.122454
 1.225060
 2.327665
 3.430271
 4.532877
 5.635482
 6.738088
 7.840693
 8.943299
 
frequencyOfInterval = 
3.000000
 4.000000
 16.000000
 40.000000
 67.000000
 78.000000
 61.000000
 37.000000
 12.000000
 8.000000
 
relativeFreOfIntervall = 
0.009231
 0.012308
 0.049231
 0.123077
 0.206154
 0.240000
 0.187692
 0.113846
 0.036923
 0.024615
 
empireDensity / Height Gists = 
0.008372
 0.011162
 0.044649
 0.111624
 0.186970
 0.217666
 0.170226
 0.103252
 0.033487
 0.022325
 
teoreticDensity = 
0.004617
 0.021819
 0.072113
 0.166683
 0.269451
 0.304633
 0.240870
 0.133199
 0.051514
 0.013933
 
