listOfInterval = 
-1.131810
 -0.093220
 0.945370
 1.983961
 3.022551
 4.061142
 5.099732
 6.138322
 7.176913
 8.215503
 9.254094
 
medianOfInterval = 
-0.612515
 0.426075
 1.464666
 2.503256
 3.541846
 4.580437
 5.619027
 6.657618
 7.696208
 8.734798
 
freqOfInterval = 
3.000000
 7.000000
 15.000000
 55.000000
 59.000000
 71.000000
 60.000000
 35.000000
 15.000000
 5.000000
 
relativeFreqOfIntervall = 
0.009231
 0.021538
 0.046154
 0.169231
 0.181538
 0.218462
 0.184615
 0.107692
 0.046154
 0.015385
 
empireDensity / Height Gists = 
0.008888
 0.020738
 0.044439
 0.162943
 0.174793
 0.210344
 0.177756
 0.103691
 0.044439
 0.014813
 
teoreticDensity = 
0.008063
 0.031427
 0.089185
 0.184291
 0.277290
 0.303796
 0.242352
 0.140776
 0.059543
 0.018338
 
