-0.645052
 -0.317264
 -0.136078
 -0.041575
 0.086644
 0.260508
 0.338181
 0.370107
 0.404692
 0.420767
 0.569705
 0.623322
 0.653859
 0.708944
 0.730969
 0.740764
 0.930053
 0.934483
 1.001004
 1.127841
 1.188423
 1.408504
 1.459136
 1.490246
 1.528907
 1.853740
 1.928337
 1.941776
 2.033364
 2.041815
 2.050792
 2.052967
 2.059032
 2.086869
 2.098592
 2.170203
 2.173279
 2.190312
 2.212033
 2.228733
 2.234856
 2.238231
 2.274804
 2.301394
 2.325729
 2.342048
 2.391876
 2.398903
 2.405881
 2.422447
 2.426175
 2.492915
 2.509040
 2.518571
 2.538882
 2.555602
 2.568604
 2.593111
 2.601884
 2.618084
 2.633932
 2.662796
 2.668475
 2.668803
 2.676463
 2.679705
 2.693278
 2.713082
 2.740739
 2.749357
 2.845306
 2.861957
 2.873912
 2.922339
 2.950535
 2.953985
 2.964423
 2.972595
 2.980711
 2.990465
 2.999885
 3.026878
 3.035193
 3.038775
 3.082938
 3.086536
 3.090540
 3.095313
 3.100839
 3.105448
 3.106126
 3.121174
 3.155176
 3.156388
 3.173097
 3.215983
 3.217425
 3.221521
 3.238370
 3.290332
 3.304193
 3.304224
 3.307721
 3.341097
 3.357228
 3.372802
 3.376122
 3.382748
 3.426973
 3.436842
 3.471456
 3.547906
 3.551849
 3.567476
 3.570508
 3.610750
 3.616166
 3.627235
 3.628045
 3.636882
 3.637815
 3.646444
 3.704453
 3.707920
 3.717249
 3.727336
 3.728875
 3.736598
 3.746192
 3.747656
 3.759535
 3.760452
 3.767609
 3.814117
 3.822392
 3.836793
 3.892358
 3.895462
 3.899820
 3.909913
 3.926649
 3.932217
 3.933790
 3.985089
 4.034833
 4.041053
 4.048026
 4.057182
 4.073190
 4.078377
 4.083123
 4.100953
 4.126548
 4.160063
 4.166659
 4.181743
 4.244079
 4.248556
 4.254227
 4.273728
 4.274214
 4.287569
 4.288418
 4.289571
 4.298631
 4.303229
 4.308758
 4.316739
 4.327058
 4.364384
 4.366114
 4.375628
 4.396426
 4.418748
 4.421416
 4.431029
 4.445752
 4.446435
 4.499221
 4.510702
 4.516772
 4.520732
 4.520896
 4.529484
 4.547736
 4.553256
 4.585522
 4.597611
 4.615755
 4.638334
 4.648069
 4.681177
 4.694570
 4.695924
 4.702035
 4.702911
 4.716773
 4.719360
 4.733823
 4.745587
 4.806880
 4.818822
 4.819629
 4.837467
 4.846562
 4.888923
 4.890128
 4.915345
 4.920255
 4.982690
 4.996990
 4.999119
 5.002058
 5.010138
 5.029483
 5.032215
 5.072331
 5.074156
 5.076631
 5.089458
 5.100706
 5.112201
 5.147377
 5.179661
 5.229835
 5.239862
 5.282504
 5.285384
 5.319545
 5.374354
 5.375315
 5.396131
 5.419667
 5.473513
 5.484252
 5.486712
 5.492672
 5.518195
 5.524515
 5.535390
 5.546368
 5.547011
 5.587640
 5.596175
 5.617230
 5.653893
 5.665521
 5.678472
 5.719086
 5.754072
 5.774459
 5.842273
 5.856062
 5.877056
 5.908314
 5.921923
 5.972164
 5.977733
 5.989123
 6.031071
 6.036697
 6.049560
 6.090118
 6.098967
 6.111544
 6.130131
 6.157108
 6.158770
 6.171981
 6.179487
 6.207088
 6.213571
 6.230049
 6.253917
 6.275294
 6.287483
 6.296215
 6.307578
 6.318715
 6.363014
 6.400780
 6.406812
 6.410514
 6.438567
 6.440418
 6.471450
 6.485606
 6.490458
 6.497083
 6.500821
 6.542207
 6.553970
 6.584890
 6.598594
 6.603716
 6.612604
 6.621236
 6.645227
 6.710243
 6.741370
 6.750365
 6.808059
 6.816648
 6.820030
 6.945480
 6.963195
 6.970142
 6.984046
 7.026923
 7.083592
 7.117253
 7.119681
 7.211753
 7.284969
 7.359393
 7.371494
 7.388069
 7.462222
 7.484296
 7.605269
 7.631429
 7.651834
 8.109315
 8.117730
 8.200457