listic = 
-0.953602
 -0.542489
 0.301993
 0.424911
 0.683686
 0.691316
 0.804006
 0.810616
 0.813412
 1.243492
 1.268553
 1.318845
 1.325543
 1.361302
 1.374573
 1.385565
 1.396095
 1.397438
 1.421599
 1.447698
 1.605954
 1.680392
 1.683362
 1.687735
 1.711762
 1.716493
 1.756338
 1.779488
 1.783029
 1.804792
 1.821287
 1.872079
 1.877017
 1.903472
 1.918534
 1.988669
 2.013006
 2.052292
 2.056629
 2.078264
 2.091384
 2.148645
 2.170477
 2.184750
 2.199124
 2.208917
 2.229697
 2.256226
 2.270842
 2.291703
 2.328339
 2.363806
 2.391714
 2.395897
 2.449312
 2.455158
 2.497366
 2.510848
 2.518917
 2.520819
 2.546980
 2.555799
 2.567307
 2.570383
 2.632798
 2.656167
 2.666551
 2.697890
 2.714715
 2.732802
 2.805871
 2.814274
 2.879040
 2.941757
 2.946474
 2.946529
 2.946665
 2.955263
 2.968534
 2.979698
 3.005644
 3.050065
 3.084482
 3.105071
 3.107732
 3.110257
 3.124573
 3.140458
 3.157947
 3.159511
 3.162322
 3.210318
 3.236389
 3.251902
 3.269622
 3.290012
 3.347477
 3.398492
 3.399743
 3.410201
 3.439908
 3.440224
 3.443118
 3.464862
 3.490414
 3.500487
 3.534392
 3.537014
 3.559484
 3.587933
 3.614253
 3.621621
 3.648886
 3.649939
 3.656045
 3.734134
 3.735344
 3.755435
 3.760470
 3.815457
 3.823714
 3.840911
 3.857374
 3.864949
 3.870898
 3.878174
 3.885034
 3.901688
 3.910962
 3.912589
 3.914605
 3.914949
 3.920954
 3.928499
 3.935588
 3.952729
 3.965243
 3.967823
 3.976112
 4.002858
 4.014422
 4.026289
 4.039991
 4.046222
 4.068450
 4.077510
 4.089261
 4.099398
 4.102207
 4.127946
 4.130888
 4.213150
 4.225657
 4.235781
 4.249796
 4.290730
 4.291091
 4.294342
 4.321477
 4.325421
 4.328279
 4.331777
 4.349157
 4.351506
 4.358604
 4.367817
 4.383396
 4.385819
 4.387466
 4.398053
 4.404071
 4.430976
 4.445402
 4.448876
 4.449471
 4.452048
 4.459341
 4.465140
 4.494449
 4.512795
 4.521129
 4.521419
 4.552303
 4.563726
 4.595883
 4.607529
 4.611458
 4.622425
 4.650159
 4.653503
 4.653760
 4.659699
 4.689965
 4.709819
 4.735300
 4.737577
 4.738553
 4.749572
 4.749842
 4.754896
 4.808549
 4.820724
 4.853711
 4.856022
 4.860062
 4.868156
 4.869998
 4.916811
 4.922942
 4.939039
 4.941862
 4.950056
 4.999999
 5.001637
 5.013507
 5.053576
 5.098956
 5.111928
 5.117144
 5.138703
 5.170070
 5.192130
 5.200439
 5.204999
 5.205032
 5.209659
 5.211758
 5.291712
 5.297495
 5.313999
 5.316008
 5.323110
 5.357711
 5.378356
 5.381040
 5.410412
 5.449634
 5.461554
 5.470266
 5.499062
 5.507798
 5.518392
 5.521277
 5.544110
 5.548659
 5.560135
 5.573276
 5.585562
 5.595683
 5.602687
 5.603552
 5.611562
 5.622771
 5.642338
 5.647197
 5.653705
 5.659258
 5.659466
 5.689935
 5.706802
 5.708822
 5.738194
 5.758115
 5.767539
 5.780049
 5.807504
 5.824989
 5.892254
 5.914196
 5.916242
 5.964765
 6.011829
 6.023822
 6.035142
 6.075773
 6.085855
 6.102309
 6.120091
 6.139938
 6.154176
 6.156277
 6.163281
 6.179476
 6.199992
 6.232044
 6.263557
 6.265969
 6.424076
 6.434535
 6.462397
 6.478381
 6.497747
 6.581926
 6.604022
 6.683554
 6.741100
 6.766652
 6.791509
 6.865070
 6.874508
 6.876387
 6.947305
 6.964395
 6.987526
 6.989637
 7.005443
 7.041190
 7.059307
 7.104458
 7.165225
 7.185867
 7.366893
 7.476691
 7.587179
 7.661939
 7.709108
 7.741082
 7.763223
 7.833345
 7.839428
 7.979719
 8.097149
 8.155459
 8.488124
 8.745308
 
listOfInterval = 
-0.953602
 0.986180
 1.956071
 2.925962
 3.895853
 4.865744
 5.835635
 6.805526
 7.775417
 8.745308
 
medianOfInterval = 
0.016289
 1.471125
 2.441016
 3.410907
 4.380798
 5.350689
 6.320580
 7.290471
 8.260363
 
freqOfInterval = 
9.000000
 26.000000
 38.000000
 54.000000
 78.000000
 62.000000
 31.000000
 20.000000
 7.000000
 
reblativeFreqOfIntervall = 
0.027692
 0.080000
 0.116923
 0.166154
 0.240000
 0.190769
 0.095385
 0.061538
 0.021538
 
empireDensity / Height Gists = 
0.028552
 0.082483
 0.120553
 0.171312
 0.247450
 0.196691
 0.098346
 0.063449
 0.022207
 
teoreticDensity = 
0.019083
 0.089677
 0.178031
 0.268013
 0.305955
 0.264852
 0.173856
 0.086540
 0.032666
 
EmpiricalMx = 4.274972
 
EmpiricalDx = 3.096699
 
EmpiricalMedian = 4.271872
 
EmpiricalDisp = 3.172728
 
leftConfIntervalMX = 4.041699
 
rightConfIntervalMX = 4.502045
 
leftLimDX = 2.668151
 
rightLimDX = 3.848254
 
getProbPrac = 
0.030870
 0.064234
 0.128161
 0.191463
 0.214183
 0.179419
 0.112543
 0.052856
 0.018583
 
getProbTeor = 
0.027679
 0.059467
 0.121812
 0.186825
 0.214560
 0.184521
 0.118827
 0.057294
 0.020681
 
getHiPrac = 5.482790
 
getHiTeor = 5.777055
 
HiAllowably = 18.548000
 
HiAllowably = 21.955000
 
