listic = 
-1.398226
 -0.487954
 -0.090026
 0.159657
 0.311207
 0.320243
 0.454299
 0.880461
 0.892080
 1.139841
 1.255282
 1.342431
 1.404762
 1.419785
 1.535604
 1.574520
 1.621327
 1.647801
 1.712145
 1.770251
 1.775360
 1.777018
 1.838884
 1.866291
 1.944602
 1.964704
 2.017329
 2.026867
 2.033548
 2.038956
 2.079257
 2.113424
 2.166260
 2.174324
 2.183652
 2.223700
 2.226395
 2.240255
 2.259658
 2.264069
 2.287793
 2.296592
 2.312193
 2.324592
 2.327722
 2.330718
 2.357321
 2.404592
 2.426943
 2.429562
 2.472096
 2.511675
 2.522980
 2.524345
 2.565453
 2.587838
 2.594846
 2.595415
 2.602817
 2.606806
 2.749267
 2.754554
 2.769647
 2.849334
 2.882173
 2.951643
 2.954968
 2.987975
 2.989627
 3.042326
 3.063564
 3.086264
 3.097956
 3.099308
 3.115316
 3.115411
 3.129127
 3.157642
 3.166634
 3.185967
 3.186210
 3.197618
 3.222365
 3.241940
 3.256958
 3.258166
 3.265020
 3.271942
 3.309025
 3.310181
 3.326318
 3.357899
 3.360315
 3.363842
 3.369333
 3.448322
 3.491568
 3.492208
 3.498087
 3.508049
 3.508103
 3.509995
 3.516864
 3.517556
 3.547116
 3.587467
 3.603954
 3.631051
 3.632694
 3.683714
 3.705206
 3.719051
 3.746370
 3.765130
 3.776863
 3.779049
 3.787151
 3.801817
 3.818179
 3.853707
 3.861615
 3.873580
 3.876940
 3.885369
 3.895237
 3.922068
 3.934378
 3.963932
 3.973805
 3.977380
 3.995606
 3.996668
 4.013073
 4.013372
 4.044144
 4.049058
 4.059203
 4.095929
 4.098638
 4.111249
 4.117574
 4.129700
 4.130090
 4.161188
 4.167905
 4.178592
 4.190105
 4.191739
 4.234926
 4.241492
 4.243196
 4.300509
 4.311245
 4.316080
 4.323649
 4.359075
 4.390447
 4.408558
 4.411893
 4.425226
 4.431937
 4.441341
 4.451041
 4.453224
 4.460436
 4.470327
 4.475468
 4.476092
 4.477407
 4.480948
 4.526089
 4.529537
 4.557804
 4.558900
 4.577793
 4.584869
 4.592754
 4.593456
 4.615302
 4.620243
 4.649149
 4.671881
 4.707812
 4.709777
 4.714402
 4.732735
 4.738113
 4.761116
 4.775463
 4.785361
 4.831509
 4.831821
 4.844364
 4.890374
 4.892278
 4.892982
 4.896760
 4.927713
 4.929715
 4.942926
 4.947813
 4.955733
 5.039923
 5.052757
 5.055847
 5.092874
 5.101988
 5.104581
 5.116088
 5.117258
 5.129943
 5.135571
 5.150238
 5.152614
 5.168148
 5.171691
 5.175045
 5.186640
 5.214253
 5.244237
 5.245630
 5.253214
 5.302911
 5.328085
 5.331465
 5.332934
 5.339691
 5.363508
 5.376895
 5.387369
 5.428349
 5.432337
 5.432628
 5.434557
 5.439479
 5.470450
 5.492937
 5.516522
 5.520386
 5.525796
 5.580487
 5.598541
 5.658668
 5.787839
 5.820814
 5.823640
 5.835770
 5.870767
 5.892316
 5.894106
 5.903094
 5.963680
 5.978257
 5.978768
 5.980309
 5.997792
 6.025657
 6.029895
 6.038246
 6.087228
 6.100042
 6.126753
 6.131331
 6.150302
 6.185141
 6.216825
 6.249968
 6.254029
 6.268485
 6.279671
 6.295459
 6.310018
 6.330375
 6.362069
 6.362214
 6.371973
 6.406341
 6.417040
 6.446583
 6.451159
 6.496166
 6.500559
 6.546020
 6.598414
 6.649659
 6.658157
 6.660510
 6.686810
 6.690438
 6.696808
 6.763878
 6.772731
 6.819113
 6.879909
 6.881534
 6.908101
 6.979586
 7.060275
 7.135663
 7.181913
 7.187911
 7.200118
 7.273881
 7.319090
 7.355301
 7.533386
 7.555972
 7.597137
 7.615310
 7.616562
 7.634784
 7.715680
 7.929385
 7.995274
 8.039529
 8.207987
 8.289733
 8.295167
 8.544651
 8.592313
 8.784363
 8.860295
 9.015850
 9.129569
 9.201502
 
listOfInterval = 
-1.398226
 0.721720
 1.781693
 2.841665
 3.901638
 4.961611
 6.021584
 7.081556
 8.141529
 9.201502
 
medianOfInterval = 
-0.338253
 1.251706
 2.311679
 3.371652
 4.431624
 5.491597
 6.551570
 7.611543
 8.671515
 
freqOfInterval = 
7.000000
 15.000000
 41.000000
 62.000000
 77.000000
 54.000000
 42.000000
 17.000000
 10.000000
 
reblativeFreqOfIntervall = 
0.021538
 0.046154
 0.126154
 0.190769
 0.236923
 0.166154
 0.129231
 0.052308
 0.030769
 
empireDensity / Height Gists = 
0.020320
 0.043542
 0.119016
 0.179976
 0.223518
 0.156753
 0.121919
 0.049348
 0.029028
 
teoreticDensity = 
0.011910
 0.073899
 0.165091
 0.265032
 0.305744
 0.253456
 0.150985
 0.064633
 0.019882
 
EmpiricalMx = 4.459385
 
EmpiricalDx = 3.463877
 
EmpiricalMedian = 4.459347
 
EmpiricalDisp = 3.586788
 
leftConfIntervalMX = 4.214615
 
rightConfIntervalMX = 4.704078
 
leftLimDX = 3.016361
 
rightLimDX = 4.350475
 
getProbPrac = 
0.023227
 0.054486
 0.117804
 0.187688
 0.220378
 0.190708
 0.121626
 0.057160
 0.019792
 
getProbTeor = 
0.026180
 0.059334
 0.124666
 0.193020
 0.220247
 0.185221
 0.114795
 0.052427
 0.017640
 
getHiPrac = 4.361266
 
getHiTeor = 6.047388
 
HiAllowably = 18.548000
 
HiAllowably = 21.955000
 
