listic = 
-0.561001
 0.128544
 0.315747
 0.443627
 0.525084
 0.601113
 0.612990
 0.615272
 0.680279
 0.755051
 0.768693
 0.838630
 0.877437
 1.114633
 1.174691
 1.292561
 1.355307
 1.401695
 1.412679
 1.556243
 1.570753
 1.615544
 1.637992
 1.662264
 1.664144
 1.665557
 1.666145
 1.727773
 1.729517
 1.837263
 1.855947
 2.027547
 2.058989
 2.155525
 2.191020
 2.205164
 2.210722
 2.236699
 2.251285
 2.279881
 2.309389
 2.437626
 2.450666
 2.484509
 2.533293
 2.621057
 2.641329
 2.653087
 2.678087
 2.679117
 2.683277
 2.688865
 2.702388
 2.703083
 2.714042
 2.725138
 2.735564
 2.746026
 2.775904
 2.793894
 2.809848
 2.819394
 2.838625
 2.843782
 2.917684
 2.917806
 2.922771
 2.981136
 3.026785
 3.096942
 3.097981
 3.170626
 3.189427
 3.199544
 3.229453
 3.236100
 3.241082
 3.256640
 3.257721
 3.272299
 3.294840
 3.305075
 3.325286
 3.336729
 3.355779
 3.369965
 3.386116
 3.405140
 3.426065
 3.459807
 3.472853
 3.510496
 3.535059
 3.545038
 3.554415
 3.560263
 3.573630
 3.585836
 3.587966
 3.589293
 3.593897
 3.597450
 3.606150
 3.613937
 3.625367
 3.628237
 3.680504
 3.681636
 3.706989
 3.710086
 3.718020
 3.733583
 3.741645
 3.752046
 3.760578
 3.763677
 3.818574
 3.828723
 3.834153
 3.848500
 3.849404
 3.858553
 3.865671
 3.882476
 3.886706
 3.890535
 3.896243
 3.897773
 3.922809
 3.928358
 3.932159
 3.933215
 3.965362
 3.970780
 3.972256
 4.001897
 4.010061
 4.019820
 4.058739
 4.094941
 4.121655
 4.176689
 4.199423
 4.200390
 4.204805
 4.211914
 4.221054
 4.231409
 4.245776
 4.248141
 4.256116
 4.261548
 4.267170
 4.314943
 4.345142
 4.361165
 4.364142
 4.364705
 4.380022
 4.385287
 4.440190
 4.441000
 4.441948
 4.451035
 4.458344
 4.464835
 4.479405
 4.497903
 4.505919
 4.506367
 4.509440
 4.516756
 4.555185
 4.557155
 4.560090
 4.589632
 4.594695
 4.599615
 4.600777
 4.602698
 4.620726
 4.639262
 4.646440
 4.664574
 4.666476
 4.723213
 4.747570
 4.748321
 4.752387
 4.773802
 4.775411
 4.778577
 4.784593
 4.833329
 4.855077
 4.858739
 4.861043
 4.868496
 4.886411
 4.887605
 4.891923
 4.899683
 4.900382
 4.934242
 4.943699
 4.990880
 4.994687
 5.031624
 5.052088
 5.057542
 5.061544
 5.069251
 5.097301
 5.099373
 5.100997
 5.113709
 5.124100
 5.127004
 5.169583
 5.215223
 5.218271
 5.233207
 5.246319
 5.252998
 5.303981
 5.341210
 5.358272
 5.365156
 5.368225
 5.376429
 5.399290
 5.399654
 5.412540
 5.474297
 5.492273
 5.506938
 5.519747
 5.566128
 5.575412
 5.588893
 5.590033
 5.611024
 5.633895
 5.649745
 5.651447
 5.679080
 5.710589
 5.760185
 5.761810
 5.764085
 5.771850
 5.819897
 5.842207
 5.848161
 5.899530
 5.900967
 5.975476
 5.977736
 5.989881
 6.007486
 6.038297
 6.078651
 6.084517
 6.111449
 6.120078
 6.136669
 6.142230
 6.206793
 6.228206
 6.279828
 6.289666
 6.289924
 6.306230
 6.308794
 6.420491
 6.431926
 6.437529
 6.460020
 6.473845
 6.475289
 6.572992
 6.585008
 6.609234
 6.642481
 6.664710
 6.699522
 6.769429
 6.821374
 6.829980
 6.841375
 6.874152
 6.927801
 6.963240
 6.974780
 6.990699
 7.005698
 7.076359
 7.091769
 7.129129
 7.130432
 7.185780
 7.228420
 7.270813
 7.385018
 7.390933
 7.396446
 7.400167
 7.461933
 7.567512
 7.591709
 7.656545
 7.781319
 7.784581
 7.844751
 7.974145
 7.982776
 8.142561
 8.207581
 8.217800
 8.274481
 8.297245
 8.735170
 9.370634
 9.485043
 10.710867
 
listOfInterval = 
-0.561001
 0.566186
 1.693372
 2.820559
 3.947746
 5.074933
 6.202119
 7.329306
 10.710867
 
medianOfInterval = 
0.002592
 1.129779
 2.256966
 3.384152
 4.511339
 5.638526
 6.765713
 9.020086
 
freqOfInterval = 
5.000000
 22.000000
 35.000000
 70.000000
 80.000000
 55.000000
 36.000000
 22.000000
 
reblativeFreqOfIntervall = 
0.015385
 0.067692
 0.107692
 0.215385
 0.246154
 0.169231
 0.110769
 0.067692
 
empireDensity / Height Gists = 
0.013649
 0.060054
 0.095541
 0.191082
 0.218379
 0.150136
 0.098271
 0.060054
 
teoreticDensity = 
0.018752
 0.065960
 0.159668
 0.265991
 0.304946
 0.240595
 0.130635
 0.012552
 
EmpiricalMx = 4.459054
 
EmpiricalDx = 3.462148
 
EmpiricalMedian = 4.473188
 
EmpiricalDisp = 4.060395
 
leftConfIntervalMX = 4.212800
 
rightConfIntervalMX = 4.733577
 
leftLimDX = 3.414648
 
rightLimDX = 4.924921
 
getProbPrac = 
0.020016
 0.057610
 0.122201
 0.191072
 0.220249
 0.187170
 0.117260
 0.077201
 
getProbTeor = 
0.022567
 0.062990
 0.129583
 0.196506
 0.219683
 0.181060
 0.110011
 0.069487
 
getHiPrac = 4.533464
 
getHiTeor = 3.952987
 
HiAllowably = 16.750000
 
HiAllowably = 20.278000
 
