listic = 
-1.579890
 -0.191149
 0.161490
 0.428721
 0.685985
 0.879555
 0.919978
 1.258019
 1.371152
 1.374774
 1.389175
 1.484240
 1.527901
 1.580384
 1.599205
 1.603479
 1.648111
 1.660681
 1.733564
 1.771779
 1.772252
 1.797736
 1.820800
 1.863913
 1.900772
 1.941487
 1.956565
 1.960907
 1.964319
 2.002231
 2.004254
 2.021035
 2.031634
 2.038572
 2.063081
 2.125249
 2.151994
 2.185655
 2.201876
 2.203371
 2.203839
 2.260076
 2.277709
 2.284421
 2.330815
 2.338073
 2.408920
 2.412018
 2.437665
 2.449558
 2.458929
 2.461249
 2.483678
 2.611776
 2.683039
 2.690100
 2.745704
 2.760111
 2.772119
 2.793110
 2.795147
 2.809463
 2.831836
 2.846263
 2.901374
 2.901924
 2.911041
 2.920207
 2.928554
 2.938062
 2.946171
 2.987476
 2.997663
 3.018880
 3.025624
 3.041118
 3.052292
 3.055968
 3.061445
 3.090675
 3.162217
 3.174490
 3.178892
 3.188031
 3.199815
 3.200473
 3.221314
 3.232059
 3.236175
 3.237166
 3.238908
 3.256159
 3.257816
 3.286415
 3.296475
 3.306161
 3.317367
 3.333098
 3.333189
 3.334894
 3.339976
 3.340443
 3.347669
 3.350333
 3.354534
 3.430189
 3.441701
 3.477460
 3.516780
 3.534338
 3.537744
 3.571311
 3.592337
 3.600900
 3.665207
 3.665750
 3.666794
 3.667471
 3.670160
 3.680955
 3.726968
 3.728127
 3.728528
 3.736059
 3.761945
 3.773573
 3.790418
 3.814180
 3.840455
 3.859378
 3.881237
 3.886853
 3.895433
 3.898162
 3.905315
 3.933785
 3.940309
 3.957383
 3.964831
 3.965709
 4.033945
 4.034687
 4.042812
 4.049936
 4.086311
 4.108220
 4.148314
 4.151910
 4.155490
 4.170549
 4.185334
 4.208330
 4.209828
 4.220778
 4.223668
 4.230711
 4.250616
 4.257091
 4.280095
 4.281363
 4.297347
 4.306344
 4.338468
 4.349380
 4.350626
 4.355677
 4.357855
 4.359032
 4.375995
 4.386440
 4.396035
 4.422870
 4.428737
 4.438328
 4.441811
 4.480018
 4.483729
 4.494771
 4.498222
 4.502073
 4.511478
 4.516448
 4.526498
 4.543753
 4.546989
 4.567937
 4.602049
 4.607201
 4.617844
 4.657238
 4.659983
 4.684467
 4.712694
 4.734274
 4.741058
 4.744669
 4.757202
 4.790525
 4.799081
 4.804896
 4.810621
 4.832457
 4.834203
 4.835753
 4.844778
 4.865744
 4.880232
 4.939205
 4.946800
 4.956022
 4.958297
 4.984866
 5.001967
 5.120091
 5.127925
 5.138805
 5.146364
 5.149943
 5.163094
 5.176328
 5.182728
 5.195242
 5.199254
 5.219369
 5.219517
 5.226235
 5.230551
 5.240782
 5.286744
 5.293148
 5.319597
 5.332827
 5.354356
 5.372741
 5.422446
 5.434609
 5.445838
 5.463174
 5.482338
 5.522338
 5.528274
 5.554053
 5.558174
 5.560272
 5.562740
 5.564790
 5.574570
 5.581700
 5.585447
 5.626326
 5.627919
 5.628575
 5.631178
 5.639384
 5.660862
 5.666006
 5.677093
 5.705632
 5.747100
 5.756562
 5.851685
 5.882769
 5.902430
 5.919610
 5.945181
 5.974356
 5.982762
 5.999938
 6.012434
 6.035866
 6.042479
 6.050370
 6.098191
 6.127638
 6.146606
 6.158880
 6.170427
 6.178543
 6.185750
 6.239388
 6.269425
 6.290553
 6.299275
 6.300840
 6.346424
 6.397400
 6.416954
 6.498015
 6.503452
 6.531921
 6.621375
 6.640987
 6.703781
 6.766198
 6.767343
 6.869405
 6.878158
 6.918488
 6.965967
 6.982902
 7.009928
 7.014785
 7.020710
 7.060115
 7.091347
 7.106059
 7.109021
 7.135322
 7.179687
 7.190688
 7.191072
 7.244997
 7.308675
 7.506363
 7.554475
 7.563422
 7.678337
 7.692401
 7.696531
 8.012067
 8.130995
 8.150466
 8.169122
 8.578990
 8.757866
 
listOfInterval = 
-1.579890
 1.521437
 2.555213
 3.588988
 4.622764
 5.656539
 6.690315
 7.724090
 8.757866
 
medianOfInterval = 
-0.029226
 2.038325
 3.072100
 4.105876
 5.139651
 6.173427
 7.207203
 8.240978
 
freqOfInterval = 
12.000000
 41.000000
 59.000000
 77.000000
 65.000000
 38.000000
 27.000000
 6.000000
 
reblativeFreqOfIntervall = 
0.036923
 0.126154
 0.181538
 0.236923
 0.200000
 0.116923
 0.083077
 0.018462
 
empireDensity / Height Gists = 
0.035717
 0.122032
 0.175607
 0.229182
 0.193466
 0.113103
 0.080363
 0.017858
 
teoreticDensity = 
0.018000
 0.138494
 0.239746
 0.303083
 0.279810
 0.188651
 0.092885
 0.033398
 
EmpiricalMx = 4.328654
 
EmpiricalDx = 2.994694
 
EmpiricalMedian = 4.287184
 
EmpiricalDisp = 3.160050
 
leftConfIntervalMX = 4.057472
 
rightConfIntervalMX = 4.516897
 
leftLimDX = 2.657489
 
rightLimDX = 3.832877
 
getProbPrac = 
0.059390
 0.105080
 0.182294
 0.227619
 0.204578
 0.132345
 0.061617
 0.020641
 
getProbTeor = 
0.054738
 0.099835
 0.177254
 0.226511
 0.208352
 0.137946
 0.065730
 0.022536
 
getHiPrac = 7.381640
 
getHiTeor = 7.205681
 
HiAllowably = 16.750000
 
HiAllowably = 20.278000
 
