listic = 
-1.878275
 -1.039112
 -0.212191
 0.439171
 0.560262
 0.630741
 0.692143
 0.702455
 0.719133
 0.830805
 0.888768
 0.895739
 0.924662
 0.949745
 0.951659
 0.951940
 0.973407
 1.213331
 1.265099
 1.403452
 1.425886
 1.672701
 1.673027
 1.674823
 1.715236
 1.767847
 1.822985
 1.902365
 2.011232
 2.014045
 2.029763
 2.030794
 2.112650
 2.118806
 2.155536
 2.164357
 2.219981
 2.233366
 2.263464
 2.275110
 2.304824
 2.336160
 2.360468
 2.368636
 2.390186
 2.409150
 2.457972
 2.459964
 2.465475
 2.506427
 2.508679
 2.511688
 2.571639
 2.576045
 2.576762
 2.579868
 2.584934
 2.612512
 2.636749
 2.657918
 2.662408
 2.683437
 2.700340
 2.702932
 2.709281
 2.718091
 2.721091
 2.725452
 2.805010
 2.811459
 2.814634
 2.837617
 2.851276
 2.888319
 2.912400
 2.913979
 2.940861
 2.959615
 2.962380
 2.962489
 2.993346
 3.004858
 3.007171
 3.059385
 3.065542
 3.100531
 3.116020
 3.133418
 3.148561
 3.164256
 3.181331
 3.188188
 3.202720
 3.206052
 3.241836
 3.252075
 3.324289
 3.418967
 3.423840
 3.426241
 3.456402
 3.456614
 3.465708
 3.476031
 3.476481
 3.500371
 3.504534
 3.521296
 3.521767
 3.523719
 3.552426
 3.552869
 3.569229
 3.616168
 3.708866
 3.708927
 3.711461
 3.711957
 3.722458
 3.724808
 3.738078
 3.739189
 3.759767
 3.764499
 3.774767
 3.799598
 3.811083
 3.820640
 3.826465
 3.839640
 3.850846
 3.869450
 3.891226
 3.915113
 3.925264
 3.935131
 3.945770
 3.962738
 3.963776
 3.974078
 3.996241
 3.998772
 4.011548
 4.034378
 4.045907
 4.046264
 4.116554
 4.118207
 4.132055
 4.139425
 4.141747
 4.144378
 4.163261
 4.174391
 4.177389
 4.178379
 4.191841
 4.222305
 4.224043
 4.227183
 4.242928
 4.243557
 4.246106
 4.248968
 4.260638
 4.263126
 4.270418
 4.280398
 4.282719
 4.306262
 4.307945
 4.324009
 4.336754
 4.341071
 4.364623
 4.395726
 4.428489
 4.467749
 4.472158
 4.475879
 4.475973
 4.481531
 4.486549
 4.487391
 4.490169
 4.494266
 4.496474
 4.497966
 4.520683
 4.532953
 4.550281
 4.555159
 4.557769
 4.558325
 4.565424
 4.578864
 4.591437
 4.593786
 4.599300
 4.601268
 4.619224
 4.620813
 4.636221
 4.636366
 4.662055
 4.671796
 4.674744
 4.685072
 4.706969
 4.717787
 4.718677
 4.728274
 4.779944
 4.781640
 4.786339
 4.799868
 4.844654
 4.853112
 4.882722
 4.918268
 4.926850
 4.933893
 4.937144
 4.946748
 4.950754
 4.968445
 4.985290
 4.992467
 4.997006
 5.037396
 5.047510
 5.092251
 5.102107
 5.119146
 5.124742
 5.132389
 5.170856
 5.221711
 5.246922
 5.250429
 5.262037
 5.267995
 5.270669
 5.309910
 5.327870
 5.336493
 5.364226
 5.378303
 5.381260
 5.391590
 5.431181
 5.435765
 5.438715
 5.454559
 5.473455
 5.530479
 5.539550
 5.576705
 5.587023
 5.595556
 5.632695
 5.669707
 5.675327
 5.686176
 5.692330
 5.718639
 5.727531
 5.786416
 5.839810
 5.851433
 5.854716
 5.862519
 5.879807
 5.972794
 5.973863
 5.981043
 6.010360
 6.017768
 6.083196
 6.101324
 6.125367
 6.155757
 6.171260
 6.193397
 6.377084
 6.377300
 6.451632
 6.456016
 6.506491
 6.534013
 6.539007
 6.564436
 6.566291
 6.651247
 6.665014
 6.666166
 6.734585
 6.750115
 6.756997
 6.775905
 6.796563
 6.823298
 6.883494
 6.899895
 6.970457
 7.006150
 7.084946
 7.094269
 7.200531
 7.314716
 7.508796
 7.591544
 7.713722
 7.761926
 7.764024
 7.865580
 7.874412
 7.881292
 8.049906
 8.066830
 8.128471
 8.397075
 8.615560
 8.752779
 8.951670
 
listOfInterval = 
-1.878275
 1.370709
 2.453703
 3.536698
 4.619692
 5.702687
 6.785681
 7.868676
 8.951670
 
medianOfInterval = 
-0.253783
 1.912206
 2.995201
 4.078195
 5.161189
 6.244184
 7.327178
 8.410173
 
freqOfInterval = 
19.000000
 27.000000
 64.000000
 91.000000
 64.000000
 35.000000
 16.000000
 9.000000
 
reblativeFreqOfIntervall = 
0.058462
 0.083077
 0.196923
 0.280000
 0.196923
 0.107692
 0.049231
 0.027692
 
empireDensity / Height Gists = 
0.053981
 0.076710
 0.181832
 0.258542
 0.181832
 0.099439
 0.045458
 0.025570
 
teoreticDensity = 
0.013371
 0.126770
 0.232660
 0.302422
 0.278413
 0.181530
 0.083829
 0.027417
 
EmpiricalMx = 4.220334
 
EmpiricalDx = 3.145808
 
EmpiricalMedian = 4.158170
 
EmpiricalDisp = 3.486973
 
leftConfIntervalMX = 3.916868
 
rightConfIntervalMX = 4.399472
 
leftLimDX = 2.932420
 
rightLimDX = 4.229407
 
getProbPrac = 
0.067139
 0.112928
 0.188958
 0.227967
 0.198310
 0.124384
 0.056243
 0.018330
 
getProbTeor = 
0.054290
 0.098953
 0.175984
 0.225658
 0.208638
 0.139088
 0.066847
 0.023157
 
getHiPrac = 9.467429
 
getHiTeor = 10.309144
 
HiAllowably = 16.750000
 
HiAllowably = 20.278000
 
