listic = 
-13.034662
 -12.849331
 -10.917850
 -10.785212
 -10.608318
 -9.315585
 -8.882731
 -8.711559
 -6.557986
 -6.501312
 -6.497142
 -6.463679
 -6.388542
 -6.257381
 -6.250081
 -6.188483
 -5.857930
 -5.783408
 -5.683547
 -5.517049
 -5.493317
 -5.477453
 -5.334833
 -5.243752
 -5.192696
 -5.175261
 -5.168896
 -5.134575
 -5.012369
 -4.993578
 -4.955913
 -4.901631
 -4.809455
 -4.657585
 -4.486277
 -4.460147
 -4.455074
 -4.386338
 -4.372916
 -4.324458
 -4.263185
 -4.262439
 -4.233935
 -4.135225
 -4.129395
 -3.967834
 -3.913462
 -3.868096
 -3.833494
 -3.818790
 -3.744282
 -3.625704
 -3.496754
 -3.491958
 -3.418874
 -3.321673
 -3.227993
 -3.196319
 -3.195428
 -3.183195
 -3.176433
 -3.101702
 -3.077449
 -3.059816
 -2.988109
 -2.936416
 -2.934506
 -2.922067
 -2.897005
 -2.855611
 -2.807647
 -2.776888
 -2.755372
 -2.742188
 -2.736099
 -2.717077
 -2.695637
 -2.683812
 -2.683111
 -2.661134
 -2.654241
 -2.652539
 -2.588854
 -2.542382
 -2.540504
 -2.442842
 -2.434846
 -2.431672
 -2.387558
 -2.378693
 -2.317198
 -2.311368
 -2.298713
 -2.273824
 -2.269303
 -2.268078
 -2.261013
 -2.254778
 -2.221564
 -2.216811
 -2.198091
 -2.187651
 -2.173973
 -2.128446
 -2.123523
 -2.045464
 -2.042893
 -1.994553
 -1.982004
 -1.978863
 -1.955511
 -1.949522
 -1.918969
 -1.883014
 -1.772417
 -1.766423
 -1.760456
 -1.732421
 -1.731914
 -1.721780
 -1.709422
 -1.619178
 -1.556105
 -1.503445
 -1.436498
 -1.394737
 -1.369547
 -1.359023
 -1.341434
 -1.332657
 -1.290657
 -1.271586
 -1.210412
 -1.193618
 -1.193198
 -1.170661
 -1.164163
 -1.141638
 -1.127953
 -1.114245
 -1.105913
 -1.084137
 -1.064965
 -1.063916
 -1.063791
 -0.997212
 -0.992452
 -0.988941
 -0.970702
 -0.904157
 -0.858328
 -0.850010
 -0.845924
 -0.845457
 -0.838544
 -0.743248
 -0.720032
 -0.678593
 -0.677894
 -0.671306
 -0.621652
 -0.617342
 -0.607065
 -0.594240
 -0.547006
 -0.529377
 -0.527830
 -0.523185
 -0.517865
 -0.497975
 -0.433586
 -0.378811
 -0.375326
 -0.368965
 -0.292883
 -0.274792
 -0.264744
 -0.258394
 -0.251929
 -0.185185
 -0.169328
 -0.159253
 -0.101738
 -0.100123
 -0.099276
 -0.084975
 -0.068343
 -0.034908
 -0.000935
 0.020133
 0.071515
 0.071516
 0.071601
 0.077485
 0.194641
 0.197356
 0.201688
 0.217097
 0.275422
 0.312325
 0.321127
 0.323038
 0.363784
 0.401324
 0.402540
 0.426308
 0.431937
 0.476794
 0.486243
 0.488724
 0.505243
 0.521684
 0.537273
 0.561673
 0.571852
 0.594775
 0.604464
 0.624068
 0.630590
 0.633517
 0.638670
 0.649055
 0.650879
 0.657933
 0.700499
 0.700909
 0.722221
 0.737645
 0.762939
 0.767756
 0.811556
 0.812508
 0.826851
 0.834349
 0.851746
 0.855435
 0.861581
 0.901598
 0.909916
 0.937335
 0.960936
 0.961206
 0.974355
 0.980130
 0.982676
 1.027017
 1.033715
 1.133542
 1.164925
 1.183447
 1.183507
 1.188067
 1.193110
 1.225969
 1.246383
 1.329874
 1.329981
 1.344666
 1.357602
 1.392103
 1.430420
 1.442116
 1.444428
 1.508105
 1.532925
 1.549589
 1.551844
 1.609321
 1.620081
 1.632944
 1.665031
 1.688261
 1.715716
 1.723700
 1.747916
 1.772259
 1.774510
 1.802778
 1.807811
 1.850500
 1.857341
 1.869930
 1.876075
 1.892850
 1.898979
 1.904819
 1.916366
 1.944436
 1.989603
 1.999813
 2.059256
 2.096780
 2.124982
 2.128836
 2.141106
 2.155933
 2.169915
 2.202024
 2.213568
 2.240247
 2.330232
 2.363465
 2.375494
 2.394942
 2.401205
 2.430129
 2.435246
 2.439396
 2.480492
 2.496085
 2.510291
 2.521818
 2.534917
 2.581206
 2.593940
 2.614514
 2.618131
 2.639896
 2.651137
 2.720258
 2.755466
 2.784406
 2.819838
 2.862690
 2.883274
 2.921335
 2.929140
 3.000683
 3.002299
 3.067215
 3.111495
 3.216503
 3.263640
 3.317111
 3.354937
 3.417456
 3.436869
 3.565781
 3.638309
 3.679701
 3.845676
 3.873976
 3.881873
 3.889780
 3.897356
 3.950070
 3.960600
 4.117306
 4.140342
 4.170699
 4.197040
 4.247315
 4.263907
 4.277037
 4.493372
 4.534276
 4.590881
 4.636681
 4.712194
 4.757992
 4.768047
 4.827382
 4.940693
 4.986018
 4.990717
 5.010059
 5.024593
 5.027338
 5.069095
 5.219626
 5.259146
 5.305636
 5.517330
 5.589230
 5.717721
 5.722844
 5.794095
 5.849837
 5.909049
 6.233623
 6.258605
 6.321063
 6.331301
 6.497827
 6.588221
 6.780721
 7.141133
 7.144622
 7.322786
 7.757191
 8.024853
 8.379857
 8.961339
 9.061829
 9.253997
 10.528953
 12.091363
 12.110591
 13.880109
 14.046102
 
listOfInterval = 
-13.034662
 -10.326586
 -4.910433
 -2.202356
 0.505720
 3.213796
 5.921873
 8.629949
 14.046102
 
medianOfInterval = 
-11.680624
 -7.618509
 -3.556395
 -0.848318
 1.859758
 4.567834
 7.275911
 11.338025
 
freqOfInterval = 
5.000000
 26.000000
 69.000000
 111.000000
 120.000000
 48.000000
 13.000000
 8.000000
 
reblativeFreqOfIntervall = 
0.012500
 0.065000
 0.172500
 0.277500
 0.300000
 0.120000
 0.032500
 0.020000
 
empireDensity / Height Gists = 
0.004616
 0.024002
 0.063698
 0.102471
 0.110780
 0.044312
 0.012001
 0.007385
 
teoreticDensity = 
0.001446
 0.010607
 0.061819
 0.119542
 0.101444
 0.041957
 0.012487
 0.001714
 
EmpiricalMx = 0.183569
 
EmpiricalDx = 14.063913
 
EmpiricalMedian = 0.079198
 
EmpiricalDisp = 15.686324
 
leftConfIntervalMX = -0.247551
 
rightConfIntervalMX = 0.405947
 
leftLimDX = 13.574556
 
rightLimDX = 17.798092
 
getProbPrac = 
0.003838
 0.099565
 0.178419
 0.260594
 0.242778
 0.144263
 0.054652
 0.015216
 
getProbTeor = 
0.004064
 0.102958
 0.181562
 0.261719
 0.240642
 0.141124
 0.052764
 0.014472
 
getHiPrac = 24.355989
 
getHiTeor = 24.244059
 
HiAllowably = 9.236000
 
HiAllowably = 12.017000
 
