listic = 
-15.276240
 -14.779153
 -14.605630
 -10.474201
 -10.295779
 -10.047529
 -8.799716
 -8.558637
 -8.501176
 -8.185819
 -7.845849
 -7.792833
 -7.635977
 -7.371643
 -7.315516
 -7.156569
 -7.026819
 -6.599314
 -6.527203
 -6.461165
 -6.208511
 -5.958959
 -5.875203
 -5.864493
 -5.806087
 -5.754223
 -5.714587
 -5.684317
 -5.642517
 -5.518783
 -5.326231
 -5.303126
 -5.228869
 -5.156943
 -5.063981
 -4.802113
 -4.711962
 -4.609427
 -4.597316
 -4.548691
 -4.521170
 -4.514097
 -4.472782
 -4.462045
 -4.458433
 -4.377546
 -4.306025
 -4.266832
 -4.181202
 -3.989197
 -3.848892
 -3.792527
 -3.785867
 -3.752714
 -3.634368
 -3.594394
 -3.508227
 -3.505875
 -3.438499
 -3.367660
 -3.289031
 -3.276158
 -3.251385
 -3.218535
 -3.200587
 -3.191393
 -3.181616
 -2.976373
 -2.879654
 -2.809184
 -2.779089
 -2.763631
 -2.736415
 -2.692251
 -2.672697
 -2.557033
 -2.556970
 -2.509952
 -2.470312
 -2.454062
 -2.444765
 -2.397786
 -2.381405
 -2.380627
 -2.326391
 -2.271527
 -2.266118
 -2.249516
 -2.245169
 -2.242002
 -2.224321
 -2.220790
 -2.214246
 -2.187488
 -2.182890
 -2.169391
 -2.163791
 -2.159300
 -2.109518
 -2.085909
 -2.058673
 -2.054582
 -2.053361
 -2.051592
 -2.050701
 -2.020858
 -2.013760
 -2.003560
 -1.971385
 -1.940388
 -1.939926
 -1.918608
 -1.897054
 -1.894297
 -1.809073
 -1.714399
 -1.711005
 -1.691998
 -1.685196
 -1.679422
 -1.661011
 -1.643274
 -1.621387
 -1.542676
 -1.539724
 -1.532247
 -1.516913
 -1.506534
 -1.502597
 -1.501086
 -1.494868
 -1.486189
 -1.483051
 -1.470292
 -1.439559
 -1.410358
 -1.400401
 -1.399551
 -1.359335
 -1.335715
 -1.295155
 -1.265249
 -1.235184
 -1.233051
 -1.135408
 -1.103757
 -1.096406
 -1.090884
 -1.075406
 -1.075320
 -1.061921
 -1.061827
 -1.049122
 -1.010136
 -0.966055
 -0.938257
 -0.904721
 -0.904524
 -0.899958
 -0.844328
 -0.839535
 -0.839119
 -0.834960
 -0.792711
 -0.731127
 -0.722395
 -0.713301
 -0.701510
 -0.698633
 -0.682955
 -0.676043
 -0.653638
 -0.615862
 -0.592012
 -0.584482
 -0.492624
 -0.466949
 -0.458182
 -0.442146
 -0.436636
 -0.427473
 -0.412571
 -0.398657
 -0.391755
 -0.374946
 -0.357378
 -0.356303
 -0.355883
 -0.320045
 -0.291212
 -0.235808
 -0.158730
 -0.146699
 -0.102953
 -0.090446
 -0.089330
 -0.085344
 -0.066152
 -0.065637
 -0.036726
 -0.021292
 0.005443
 0.014263
 0.059283
 0.059636
 0.131937
 0.132116
 0.146395
 0.256630
 0.301923
 0.320606
 0.333911
 0.339956
 0.368285
 0.391284
 0.392747
 0.405114
 0.414608
 0.488904
 0.522052
 0.556291
 0.605527
 0.611844
 0.633329
 0.633502
 0.637638
 0.644723
 0.659301
 0.716983
 0.751977
 0.766676
 0.775894
 0.789188
 0.865211
 0.886173
 0.900464
 0.918491
 0.981562
 0.983216
 1.028945
 1.038152
 1.094747
 1.099612
 1.100560
 1.123760
 1.137810
 1.169226
 1.176246
 1.191285
 1.273836
 1.277644
 1.363458
 1.381107
 1.381526
 1.382226
 1.383181
 1.428874
 1.437140
 1.485569
 1.510450
 1.520091
 1.536505
 1.542092
 1.545587
 1.562843
 1.636186
 1.658828
 1.661276
 1.665864
 1.670354
 1.728069
 1.766521
 1.772132
 1.776805
 1.796514
 1.823786
 1.824127
 1.897904
 1.905047
 1.911598
 1.919464
 1.945021
 1.957719
 1.977717
 1.981588
 1.987745
 1.995833
 2.034689
 2.047403
 2.060129
 2.072904
 2.075555
 2.080530
 2.090684
 2.095492
 2.117559
 2.118108
 2.119560
 2.123051
 2.183210
 2.187930
 2.193188
 2.208590
 2.297057
 2.337500
 2.361691
 2.368133
 2.386698
 2.396968
 2.411107
 2.418331
 2.428604
 2.458972
 2.461711
 2.485353
 2.495886
 2.506425
 2.531695
 2.652094
 2.668052
 2.696643
 2.773417
 2.787356
 2.836191
 2.876868
 2.911600
 2.918699
 2.924340
 2.953687
 2.977716
 3.000123
 3.000163
 3.013984
 3.037911
 3.057978
 3.109026
 3.149151
 3.173125
 3.178124
 3.195827
 3.249517
 3.331817
 3.387485
 3.459189
 3.503711
 3.505824
 3.670409
 3.741241
 3.818692
 3.844551
 3.909029
 4.194448
 4.222226
 4.224923
 4.240745
 4.265033
 4.319051
 4.326820
 4.367584
 4.400723
 4.429048
 4.497720
 4.522838
 4.621802
 4.685253
 4.762605
 4.792178
 4.806788
 4.860835
 4.951258
 5.058114
 5.070418
 5.206556
 5.250174
 5.255572
 5.334403
 5.379726
 5.498528
 5.529222
 5.793407
 5.951452
 6.035340
 6.123403
 6.361345
 6.883227
 7.470437
 7.509163
 7.599920
 7.775450
 7.929346
 8.080807
 8.154922
 8.470849
 8.804911
 9.198004
 10.418558
 10.524709
 11.024750
 11.166333
 11.188309
 
listOfInterval = 
-15.276240
 -9.983330
 -7.336875
 -4.690420
 -2.043965
 0.602490
 3.248945
 5.895399
 8.541854
 11.188309
 
medianOfInterval = 
-12.629785
 -8.660103
 -6.013648
 -3.367193
 -0.720738
 1.925717
 4.572172
 7.218627
 9.865082
 
freqOfInterval = 
6.000000
 8.000000
 23.000000
 68.000000
 116.000000
 119.000000
 40.000000
 13.000000
 7.000000
 
reblativeFreqOfIntervall = 
0.015000
 0.020000
 0.057500
 0.170000
 0.290000
 0.297500
 0.100000
 0.032500
 0.017500
 
empireDensity / Height Gists = 
0.005668
 0.007557
 0.021727
 0.064237
 0.109581
 0.112415
 0.037786
 0.012281
 0.006613
 
teoreticDensity = 
0.000901
 0.006413
 0.022449
 0.066045
 0.121028
 0.099981
 0.041883
 0.012831
 0.003553
 
EmpiricalMx = -0.009928
 
EmpiricalDx = 14.636310
 
EmpiricalMedian = -0.052508
 
EmpiricalDisp = 14.637739
 
leftConfIntervalMX = -0.368147
 
rightConfIntervalMX = 0.263131
 
leftLimDX = 12.338851
 
rightLimDX = 16.936626
 
getProbPrac = 
0.004686
 0.023738
 0.084253
 0.188640
 0.266615
 0.237941
 0.134075
 0.047676
 0.010690
 
getProbTeor = 
0.004503
 0.023041
 0.082531
 0.186480
 0.265977
 0.239548
 0.136218
 0.048883
 0.011061
 
getHiPrac = 27.367030
 
getHiTeor = 27.592793
 
HiAllowably = 10.645000
 
HiAllowably = 13.362000
 
