listic = 
-15.340643
 -13.819478
 -10.350979
 -9.685734
 -9.661577
 -9.548102
 -8.986709
 -8.696737
 -8.474123
 -8.188223
 -8.154525
 -8.037292
 -7.966369
 -7.915689
 -7.617064
 -7.295268
 -7.031657
 -6.917713
 -6.759149
 -6.436327
 -6.235172
 -6.097264
 -5.792370
 -5.512489
 -5.469360
 -5.401020
 -5.378697
 -5.328391
 -5.313625
 -5.294737
 -5.248324
 -5.206874
 -5.159605
 -5.152770
 -5.102449
 -5.018763
 -4.908675
 -4.880745
 -4.793565
 -4.783915
 -4.738456
 -4.701619
 -4.631251
 -4.590290
 -4.573448
 -4.567860
 -4.483114
 -4.422573
 -4.401060
 -4.380298
 -4.371594
 -4.195938
 -4.185568
 -4.157362
 -4.146826
 -4.080934
 -4.074495
 -4.024426
 -3.928935
 -3.900139
 -3.802954
 -3.796532
 -3.752044
 -3.741556
 -3.698174
 -3.625933
 -3.597757
 -3.581082
 -3.579364
 -3.528110
 -3.516902
 -3.500540
 -3.429994
 -3.427642
 -3.390221
 -3.349913
 -3.329236
 -3.287194
 -3.270796
 -3.254213
 -3.208262
 -3.201765
 -3.171167
 -3.112479
 -3.023686
 -3.016281
 -2.999534
 -2.987274
 -2.897855
 -2.873319
 -2.787241
 -2.760595
 -2.753392
 -2.734903
 -2.723947
 -2.697353
 -2.674153
 -2.662343
 -2.628925
 -2.601412
 -2.437379
 -2.383098
 -2.356775
 -2.353279
 -2.303271
 -2.244044
 -2.230319
 -2.204260
 -2.189554
 -2.182443
 -2.149595
 -2.137738
 -2.127529
 -2.124165
 -2.079531
 -2.072282
 -2.011222
 -1.968602
 -1.945319
 -1.943745
 -1.910323
 -1.877599
 -1.865291
 -1.859542
 -1.817722
 -1.817358
 -1.807587
 -1.778515
 -1.747782
 -1.697575
 -1.639526
 -1.629120
 -1.615814
 -1.561836
 -1.514683
 -1.499190
 -1.497618
 -1.474662
 -1.474512
 -1.455081
 -1.411003
 -1.318491
 -1.313059
 -1.293905
 -1.251693
 -1.224717
 -1.220631
 -1.209295
 -1.180836
 -1.179598
 -1.130773
 -1.114299
 -1.094357
 -1.076960
 -1.074911
 -1.062832
 -1.050996
 -1.007665
 -0.999377
 -0.950573
 -0.946650
 -0.942693
 -0.942185
 -0.930307
 -0.910120
 -0.850373
 -0.828495
 -0.799764
 -0.795986
 -0.791378
 -0.762707
 -0.757436
 -0.746623
 -0.741682
 -0.733945
 -0.724054
 -0.681303
 -0.673472
 -0.654042
 -0.596080
 -0.586684
 -0.584218
 -0.544777
 -0.529118
 -0.506276
 -0.430840
 -0.390836
 -0.380347
 -0.357072
 -0.321312
 -0.311130
 -0.295818
 -0.291603
 -0.289901
 -0.267098
 -0.262340
 -0.257043
 -0.240507
 -0.226191
 -0.225633
 -0.151479
 -0.062654
 -0.047123
 -0.007118
 0.017819
 0.038258
 0.051019
 0.057847
 0.068685
 0.106135
 0.135737
 0.139108
 0.157125
 0.160832
 0.163366
 0.179589
 0.180997
 0.201500
 0.297573
 0.324742
 0.379372
 0.380723
 0.380798
 0.446340
 0.456705
 0.520059
 0.524357
 0.524830
 0.559915
 0.567141
 0.573613
 0.598694
 0.603851
 0.621456
 0.647892
 0.659420
 0.673995
 0.691435
 0.750917
 0.754085
 0.758896
 0.760496
 0.778949
 0.795273
 0.813145
 0.815094
 0.817612
 0.817926
 0.937814
 0.943331
 0.948179
 0.960211
 0.980705
 1.027031
 1.062002
 1.064305
 1.072172
 1.108932
 1.127002
 1.163835
 1.167622
 1.181275
 1.187139
 1.233902
 1.251591
 1.261792
 1.265298
 1.348560
 1.352759
 1.365925
 1.447164
 1.454216
 1.490991
 1.497529
 1.500053
 1.502624
 1.541583
 1.556115
 1.575582
 1.575595
 1.577638
 1.594402
 1.634373
 1.650739
 1.663343
 1.710025
 1.744111
 1.815697
 1.820312
 1.826664
 1.900815
 1.957248
 2.008018
 2.038987
 2.094928
 2.096698
 2.107294
 2.137245
 2.137280
 2.157725
 2.375538
 2.475872
 2.492935
 2.507675
 2.516939
 2.536729
 2.543920
 2.582992
 2.587074
 2.597053
 2.605148
 2.611522
 2.679574
 2.688463
 2.718409
 2.726054
 2.739396
 2.761964
 2.763219
 2.770338
 2.785907
 2.802804
 2.804821
 2.808685
 2.827763
 2.934381
 2.940184
 2.961446
 3.025235
 3.047098
 3.064993
 3.084965
 3.136476
 3.181044
 3.215708
 3.225611
 3.225789
 3.243241
 3.257310
 3.306962
 3.344180
 3.346059
 3.376709
 3.428105
 3.435815
 3.458662
 3.516081
 3.558922
 3.613869
 3.620589
 3.695105
 3.720038
 3.753774
 3.792705
 3.883869
 3.888546
 3.890900
 3.975890
 4.005572
 4.056555
 4.129964
 4.143880
 4.173774
 4.188005
 4.198307
 4.405769
 4.618148
 4.788015
 4.789374
 4.797844
 4.865950
 4.934838
 5.201404
 5.211899
 5.242536
 5.326369
 5.395615
 5.429603
 5.560599
 5.675515
 5.842407
 5.934086
 6.034231
 6.065446
 6.311829
 6.381965
 6.391620
 6.510252
 6.593962
 6.612284
 6.740978
 6.894814
 6.973376
 7.149877
 7.200471
 8.123213
 8.174283
 8.347391
 9.043187
 9.231167
 
listOfInterval = 
-15.340643
 -7.969100
 -5.511919
 -3.054738
 -0.597557
 1.859624
 4.316805
 6.773986
 9.231167
 
medianOfInterval = 
-11.654872
 -6.740510
 -4.283329
 -1.826148
 0.631033
 3.088214
 5.545395
 8.002576
 
freqOfInterval = 
12.000000
 12.000000
 60.000000
 95.000000
 111.000000
 75.000000
 26.000000
 9.000000
 
reblativeFreqOfIntervall = 
0.030000
 0.030000
 0.150000
 0.237500
 0.277500
 0.187500
 0.065000
 0.022500
 
empireDensity / Height Gists = 
0.012209
 0.012209
 0.061046
 0.096655
 0.112934
 0.076307
 0.026453
 0.009157
 
teoreticDensity = 
0.001464
 0.016067
 0.047032
 0.102181
 0.121940
 0.072492
 0.027679
 0.008820
 
EmpiricalMx = -0.247713
 
EmpiricalDx = 13.496377
 
EmpiricalMedian = -0.333410
 
EmpiricalDisp = 14.209478
 
getProbPrac = 
0.021367
 0.063354
 0.150415
 0.236897
 0.247574
 0.171688
 0.078988
 0.024098
 
getProbTeor = 
0.017231
 0.054586
 0.137023
 0.228160
 0.252087
 0.184823
 0.089902
 0.029000
 
getHiPrac = 11.482897
 
getHiTeor = 13.241105
 
HiAllowably = 9.236000
 
HiAllowably = 12.017000
 
