listic = 
-13.163849
 -12.511648
 -11.506934
 -10.831880
 -9.495074
 -9.139692
 -8.433313
 -8.380106
 -8.251029
 -8.101317
 -7.983269
 -7.778052
 -7.095929
 -6.923792
 -6.764143
 -6.671218
 -6.624570
 -6.574793
 -6.394279
 -6.373204
 -6.232357
 -5.891990
 -5.891311
 -5.693206
 -5.549167
 -5.400093
 -5.263503
 -5.260517
 -5.242113
 -5.195640
 -5.174335
 -4.943861
 -4.893335
 -4.822460
 -4.800678
 -4.760370
 -4.696232
 -4.618359
 -4.598182
 -4.578162
 -4.558483
 -4.551403
 -4.543631
 -4.517775
 -4.491925
 -4.479049
 -4.425067
 -4.356942
 -4.295980
 -4.243072
 -4.237724
 -4.228451
 -4.194910
 -4.175452
 -4.111021
 -4.093114
 -4.038246
 -3.966646
 -3.943872
 -3.886652
 -3.855611
 -3.851380
 -3.820002
 -3.735017
 -3.729698
 -3.703686
 -3.666004
 -3.624950
 -3.602169
 -3.576398
 -3.563192
 -3.543660
 -3.418320
 -3.372641
 -3.274914
 -3.246794
 -3.218227
 -3.216367
 -3.212095
 -3.203440
 -3.161413
 -3.075042
 -2.892375
 -2.884440
 -2.879234
 -2.865537
 -2.811246
 -2.809944
 -2.729439
 -2.671768
 -2.620389
 -2.606722
 -2.599649
 -2.592769
 -2.528367
 -2.526728
 -2.526528
 -2.499635
 -2.474848
 -2.440774
 -2.435333
 -2.434729
 -2.393639
 -2.387562
 -2.385878
 -2.376313
 -2.362298
 -2.276236
 -2.269696
 -2.239833
 -2.155890
 -2.143006
 -2.112179
 -2.093660
 -2.091025
 -2.090542
 -2.081182
 -2.052122
 -2.041669
 -2.039806
 -2.034549
 -2.020919
 -2.011407
 -1.971521
 -1.969382
 -1.969097
 -1.935708
 -1.929080
 -1.911077
 -1.846186
 -1.839383
 -1.836627
 -1.836309
 -1.809175
 -1.795228
 -1.786493
 -1.781503
 -1.777501
 -1.770369
 -1.743384
 -1.742598
 -1.723527
 -1.710562
 -1.705007
 -1.702468
 -1.698071
 -1.694887
 -1.685665
 -1.673615
 -1.673079
 -1.658073
 -1.654251
 -1.543818
 -1.541603
 -1.539531
 -1.521763
 -1.489495
 -1.438562
 -1.425808
 -1.406587
 -1.374075
 -1.345140
 -1.290002
 -1.267205
 -1.262397
 -1.235262
 -1.208258
 -1.205529
 -1.204250
 -1.188918
 -1.183545
 -1.177019
 -1.173252
 -1.140525
 -1.139220
 -1.117832
 -1.107388
 -1.102926
 -1.092340
 -1.081961
 -1.075154
 -1.048089
 -1.047403
 -1.044250
 -1.020041
 -0.998895
 -0.986050
 -0.985286
 -0.964422
 -0.963805
 -0.921306
 -0.914437
 -0.911300
 -0.907476
 -0.906600
 -0.897032
 -0.843289
 -0.824121
 -0.813454
 -0.767496
 -0.762984
 -0.757887
 -0.732476
 -0.703786
 -0.679544
 -0.663495
 -0.608604
 -0.607898
 -0.572203
 -0.558886
 -0.557906
 -0.555706
 -0.544401
 -0.524220
 -0.519759
 -0.515704
 -0.498976
 -0.498164
 -0.472358
 -0.471363
 -0.469098
 -0.352210
 -0.316804
 -0.316147
 -0.306442
 -0.303512
 -0.280039
 -0.280017
 -0.272122
 -0.261604
 -0.248756
 -0.234329
 -0.217676
 -0.183025
 -0.141775
 -0.111763
 -0.106697
 -0.019171
 0.024869
 0.043523
 0.045966
 0.052772
 0.073409
 0.116103
 0.129179
 0.137347
 0.217163
 0.221049
 0.261993
 0.366529
 0.459994
 0.488114
 0.492784
 0.494090
 0.550559
 0.557527
 0.568494
 0.624612
 0.627406
 0.648172
 0.652075
 0.663781
 0.730363
 0.735069
 0.742722
 0.814145
 0.831621
 0.833160
 0.892656
 0.926904
 1.028380
 1.057065
 1.099380
 1.144231
 1.150221
 1.181323
 1.184662
 1.218309
 1.258962
 1.291642
 1.330038
 1.389976
 1.404746
 1.425344
 1.439953
 1.454209
 1.455396
 1.503715
 1.520989
 1.606778
 1.652282
 1.655090
 1.659704
 1.686688
 1.695418
 1.714633
 1.727157
 1.746847
 1.758052
 1.809386
 1.832361
 1.845004
 1.884262
 1.894222
 1.905782
 1.942592
 2.019496
 2.057659
 2.061063
 2.104935
 2.141227
 2.257610
 2.288214
 2.298373
 2.326066
 2.336206
 2.350636
 2.424851
 2.431210
 2.432608
 2.550376
 2.672902
 2.673453
 2.676407
 2.687714
 2.689789
 2.696685
 2.706659
 2.714091
 2.743863
 2.755962
 2.799062
 2.808107
 2.840312
 2.853686
 2.881835
 2.885403
 3.011503
 3.019216
 3.046990
 3.055082
 3.149993
 3.197839
 3.301939
 3.345878
 3.390258
 3.427048
 3.561175
 3.575303
 3.591629
 3.898063
 3.925475
 3.932581
 3.986744
 4.052511
 4.122432
 4.149934
 4.208871
 4.271963
 4.309077
 4.343312
 4.356601
 4.397072
 4.437118
 4.439492
 4.458062
 4.505174
 4.666582
 4.697980
 4.720372
 4.888949
 4.909820
 5.075825
 5.405516
 5.560214
 5.805595
 5.870545
 6.084496
 6.231943
 6.395504
 6.638430
 6.732477
 6.767564
 7.030329
 7.229741
 7.292037
 7.367863
 7.621628
 7.718718
 7.951265
 7.952120
 8.025348
 8.121546
 8.148671
 8.558874
 8.568647
 9.821531
 11.161034
 11.366819
 15.022635
 
listOfInterval = 
-13.163849
 -7.526552
 -4.707903
 -1.889255
 0.929393
 3.748042
 6.566690
 15.022635
 
medianOfInterval = 
-10.345200
 -6.117228
 -3.298579
 -0.479931
 2.338718
 5.157366
 10.794663
 
freqOfInterval = 
12.000000
 24.000000
 93.000000
 141.000000
 80.000000
 30.000000
 20.000000
 
reblativeFreqOfIntervall = 
0.030000
 0.060000
 0.232500
 0.352500
 0.200000
 0.075000
 0.050000
 
empireDensity / Height Gists = 
0.010643
 0.021287
 0.082486
 0.125060
 0.070956
 0.026608
 0.017739
 
teoreticDensity = 
0.002803
 0.021418
 0.067609
 0.123218
 0.090408
 0.032775
 0.002244
 
EmpiricalMx = -0.385203
 
EmpiricalDx = 14.152596
 
EmpiricalMedian = -0.219206
 
EmpiricalDisp = 16.933849
 
getProbPrac = 
0.037059
 0.099795
 0.204749
 0.267492
 0.222573
 0.117933
 0.049464
 
getProbTeor = 
0.033009
 0.092601
 0.196780
 0.266262
 0.229460
 0.125928
 0.055140
 
getHiPrac = 26.365724
 
getHiTeor = 28.409594
 
HiAllowably = 7.779000
 
HiAllowably = 10.645000
 
