listic = 
-16.410289
 -11.903826
 -10.702808
 -10.465232
 -10.153904
 -10.137918
 -8.623031
 -8.554499
 -8.178237
 -7.958554
 -7.810886
 -7.785455
 -7.711006
 -7.138156
 -7.075336
 -7.032430
 -6.846906
 -6.685032
 -6.647858
 -6.314992
 -6.191477
 -6.100981
 -6.012080
 -5.900360
 -5.778347
 -5.688854
 -5.596692
 -5.570662
 -5.568380
 -5.401067
 -5.161882
 -5.151933
 -5.131031
 -5.128967
 -5.069924
 -4.934416
 -4.873113
 -4.836111
 -4.665146
 -4.524544
 -4.457470
 -4.390665
 -4.280476
 -4.246836
 -4.142770
 -4.109976
 -4.065793
 -4.021404
 -4.019314
 -4.016475
 -3.981595
 -3.964752
 -3.909089
 -3.874564
 -3.867157
 -3.820893
 -3.814323
 -3.804297
 -3.802398
 -3.799612
 -3.741550
 -3.711681
 -3.665153
 -3.657059
 -3.655205
 -3.620828
 -3.589249
 -3.470609
 -3.339439
 -3.311244
 -3.274055
 -3.134942
 -3.117627
 -3.077320
 -3.072957
 -3.072947
 -3.040360
 -3.003525
 -2.988570
 -2.973230
 -2.895429
 -2.795649
 -2.744106
 -2.725407
 -2.706407
 -2.687452
 -2.677867
 -2.609296
 -2.580507
 -2.511304
 -2.497790
 -2.423174
 -2.417098
 -2.375151
 -2.371389
 -2.323498
 -2.323449
 -2.279660
 -2.270178
 -2.195084
 -2.163563
 -2.151298
 -2.142140
 -2.107150
 -2.086882
 -2.084822
 -2.072103
 -2.064383
 -2.025749
 -2.007778
 -1.991762
 -1.973284
 -1.951272
 -1.933036
 -1.899624
 -1.885101
 -1.872477
 -1.864611
 -1.858988
 -1.850363
 -1.805939
 -1.802153
 -1.795216
 -1.717057
 -1.701356
 -1.681200
 -1.603429
 -1.543584
 -1.476005
 -1.409797
 -1.376673
 -1.342385
 -1.290375
 -1.283613
 -1.260746
 -1.212946
 -1.140632
 -1.113044
 -1.102957
 -1.087766
 -1.065445
 -1.006945
 -1.004284
 -0.997074
 -0.991225
 -0.978857
 -0.968078
 -0.967593
 -0.967592
 -0.879282
 -0.857862
 -0.841741
 -0.840660
 -0.831131
 -0.814761
 -0.758489
 -0.745168
 -0.711294
 -0.710682
 -0.710309
 -0.697360
 -0.691863
 -0.653412
 -0.627550
 -0.608891
 -0.595003
 -0.570156
 -0.565351
 -0.561496
 -0.538357
 -0.476510
 -0.465722
 -0.465695
 -0.459964
 -0.451326
 -0.425881
 -0.411296
 -0.344324
 -0.336912
 -0.311587
 -0.252579
 -0.238644
 -0.213524
 -0.202061
 -0.174478
 -0.165121
 -0.161849
 -0.161505
 -0.157701
 -0.149053
 -0.148053
 -0.143563
 -0.131356
 -0.094468
 -0.085903
 -0.045355
 -0.023601
 -0.002207
 0.024216
 0.097317
 0.108665
 0.111723
 0.112656
 0.118089
 0.134830
 0.177754
 0.179741
 0.190227
 0.200007
 0.244377
 0.259988
 0.261728
 0.266354
 0.276340
 0.301504
 0.349417
 0.385470
 0.409661
 0.425580
 0.450344
 0.450876
 0.460550
 0.485420
 0.493613
 0.510108
 0.532782
 0.551451
 0.553334
 0.554047
 0.560957
 0.564724
 0.566925
 0.618802
 0.668035
 0.721912
 0.724673
 0.767373
 0.775138
 0.780978
 0.781038
 0.781451
 0.786545
 0.789933
 0.791921
 0.797870
 0.803569
 0.809632
 0.817965
 0.820950
 0.865463
 0.872253
 0.881081
 0.968657
 0.978112
 0.983233
 0.995424
 1.033782
 1.037880
 1.048908
 1.130527
 1.164782
 1.190181
 1.215509
 1.216071
 1.231255
 1.250119
 1.322945
 1.338900
 1.341134
 1.355569
 1.362307
 1.371330
 1.374504
 1.389772
 1.392146
 1.413328
 1.454407
 1.486875
 1.505057
 1.535407
 1.550048
 1.613945
 1.624345
 1.671871
 1.809995
 1.812896
 1.889409
 1.920549
 1.934722
 1.987912
 2.000769
 2.012451
 2.030361
 2.084817
 2.085413
 2.122524
 2.174462
 2.223928
 2.245749
 2.272491
 2.341867
 2.383632
 2.392281
 2.423185
 2.504860
 2.549111
 2.649330
 2.655457
 2.672497
 2.719866
 2.723099
 2.757571
 2.799179
 2.805644
 2.809917
 2.833479
 2.876133
 2.905263
 2.956728
 2.976574
 2.977308
 2.979761
 3.001667
 3.007958
 3.107906
 3.140487
 3.213385
 3.245377
 3.267215
 3.283153
 3.287208
 3.295591
 3.305232
 3.319930
 3.321623
 3.352818
 3.377340
 3.413174
 3.428961
 3.446765
 3.492301
 3.493124
 3.701960
 3.868281
 3.888798
 3.909310
 3.995551
 4.075553
 4.107108
 4.109826
 4.239625
 4.270238
 4.331890
 4.341843
 4.365927
 4.427724
 4.526798
 4.639817
 4.642646
 4.646579
 4.861461
 4.940961
 4.969796
 4.994611
 5.049910
 5.050542
 5.180430
 5.201291
 5.344059
 5.472096
 5.517398
 5.526282
 5.750381
 5.892899
 5.946334
 5.950872
 5.986785
 6.154629
 6.340332
 6.364436
 6.382158
 6.410298
 6.465352
 6.596257
 6.599105
 6.761458
 6.766829
 6.776408
 6.796563
 7.101199
 7.274875
 7.279060
 8.451131
 8.804008
 8.980815
 9.288153
 9.544205
 9.960492
 10.133703
 12.134950
 
listOfInterval = 
-16.410289
 -7.846718
 -4.992194
 -2.137670
 0.716854
 3.571378
 6.425902
 9.280426
 12.134950
 
medianOfInterval = 
-12.128503
 -6.419456
 -3.564932
 -0.710408
 2.144116
 4.998640
 7.853164
 10.707688
 
freqOfInterval = 
10.000000
 25.000000
 68.000000
 131.000000
 108.000000
 40.000000
 13.000000
 5.000000
 
reblativeFreqOfIntervall = 
0.025000
 0.062500
 0.170000
 0.327500
 0.270000
 0.100000
 0.032500
 0.012500
 
empireDensity / Height Gists = 
0.008758
 0.021895
 0.059555
 0.114730
 0.094587
 0.035032
 0.011385
 0.004379
 
teoreticDensity = 
0.001157
 0.018648
 0.061632
 0.121139
 0.094990
 0.035072
 0.009478
 0.002343
 
EmpiricalMx = -0.015402
 
EmpiricalDx = 14.471376
 
EmpiricalMedian = -0.075276
 
EmpiricalDisp = 15.750626
 
getProbPrac = 
0.025085
 0.082583
 0.193962
 0.277452
 0.241813
 0.128387
 0.041497
 0.008156
 
getProbTeor = 
0.023995
 0.080203
 0.190855
 0.276599
 0.244240
 0.131383
 0.043025
 0.008568
 
getHiPrac = 12.279619
 
getHiTeor = 12.075228
 
HiAllowably = 9.236000
 
HiAllowably = 12.017000
 
