listic = 
-9.624561
 -9.171049
 -8.593816
 -8.541851
 -8.459615
 -8.375002
 -8.161224
 -7.603975
 -7.537994
 -7.018724
 -6.972539
 -6.800730
 -6.537037
 -6.299316
 -6.269690
 -6.162370
 -6.159280
 -6.058276
 -5.972349
 -5.787341
 -5.716757
 -5.666809
 -5.554674
 -5.526107
 -5.438397
 -5.357608
 -5.273312
 -5.224640
 -5.178780
 -5.177625
 -5.166683
 -5.151240
 -5.078522
 -5.074186
 -5.069861
 -4.993069
 -4.851662
 -4.837435
 -4.760201
 -4.732631
 -4.720041
 -4.674289
 -4.519437
 -4.471191
 -4.362163
 -4.334991
 -4.286035
 -4.246358
 -4.222126
 -4.145671
 -4.133779
 -4.071986
 -3.971714
 -3.961599
 -3.856739
 -3.845483
 -3.755982
 -3.564592
 -3.550540
 -3.384402
 -3.352149
 -3.343797
 -3.244729
 -3.223070
 -3.207849
 -3.206123
 -3.190222
 -3.168603
 -3.109049
 -3.108081
 -3.107161
 -3.046507
 -3.033545
 -3.029485
 -2.971434
 -2.960909
 -2.895366
 -2.891683
 -2.890434
 -2.852529
 -2.827540
 -2.769748
 -2.759571
 -2.754837
 -2.724099
 -2.712317
 -2.701437
 -2.663143
 -2.606859
 -2.569468
 -2.552247
 -2.542788
 -2.537651
 -2.530726
 -2.471304
 -2.451109
 -2.315629
 -2.265043
 -2.241809
 -2.230212
 -2.196578
 -2.159962
 -2.150273
 -2.128985
 -2.076890
 -1.985025
 -1.947326
 -1.914034
 -1.911469
 -1.893776
 -1.890263
 -1.888511
 -1.884814
 -1.854423
 -1.846091
 -1.820306
 -1.688652
 -1.640178
 -1.606191
 -1.561515
 -1.538680
 -1.537264
 -1.532659
 -1.513792
 -1.428157
 -1.407222
 -1.378426
 -1.369556
 -1.369310
 -1.330809
 -1.312643
 -1.290194
 -1.267093
 -1.257877
 -1.257541
 -1.199440
 -1.109548
 -1.100483
 -1.081670
 -1.073410
 -1.065582
 -1.013841
 -0.988305
 -0.979979
 -0.971916
 -0.954067
 -0.922471
 -0.895967
 -0.875874
 -0.856875
 -0.840177
 -0.831937
 -0.814506
 -0.808627
 -0.777683
 -0.745094
 -0.734463
 -0.701543
 -0.699968
 -0.694135
 -0.648322
 -0.645469
 -0.622594
 -0.616433
 -0.563312
 -0.559821
 -0.526752
 -0.520838
 -0.519371
 -0.509828
 -0.495092
 -0.441470
 -0.422244
 -0.342233
 -0.299528
 -0.296155
 -0.289878
 -0.244989
 -0.233836
 -0.231634
 -0.215948
 -0.208210
 -0.165057
 -0.147627
 -0.137444
 -0.110068
 -0.104574
 -0.093120
 -0.077214
 -0.074316
 -0.052486
 -0.039600
 -0.026411
 -0.018709
 -0.008475
 0.006783
 0.053298
 0.060084
 0.104203
 0.148325
 0.150663
 0.195066
 0.203044
 0.226565
 0.227732
 0.236532
 0.246350
 0.251796
 0.274634
 0.278172
 0.292602
 0.293172
 0.313311
 0.313669
 0.330635
 0.341682
 0.401982
 0.418320
 0.462918
 0.490879
 0.519708
 0.519758
 0.527641
 0.528888
 0.529906
 0.573320
 0.601530
 0.612875
 0.653239
 0.658581
 0.682922
 0.714606
 0.733947
 0.740758
 0.756599
 0.775766
 0.778617
 0.779334
 0.786186
 0.804431
 0.832376
 0.848679
 0.848762
 0.891446
 0.932878
 0.946301
 0.960878
 0.991694
 0.994165
 0.998140
 1.055206
 1.057269
 1.068622
 1.134130
 1.136630
 1.160714
 1.160917
 1.166541
 1.203240
 1.254290
 1.269569
 1.279229
 1.308667
 1.312494
 1.337629
 1.353890
 1.408105
 1.424842
 1.456035
 1.478291
 1.480951
 1.484730
 1.495769
 1.529998
 1.535108
 1.540781
 1.555420
 1.562099
 1.564390
 1.586965
 1.642655
 1.702449
 1.712388
 1.731971
 1.751990
 1.771161
 1.824857
 1.829367
 1.829683
 1.846216
 1.888012
 1.899526
 1.909003
 1.943854
 1.951647
 1.963630
 2.001360
 2.031255
 2.049923
 2.054679
 2.069947
 2.107766
 2.117153
 2.117281
 2.127993
 2.145556
 2.163730
 2.178815
 2.234571
 2.291566
 2.309882
 2.322023
 2.327697
 2.335113
 2.343809
 2.356354
 2.415451
 2.429558
 2.465448
 2.476169
 2.522363
 2.551720
 2.583577
 2.590799
 2.593574
 2.703533
 2.710428
 2.743320
 2.744749
 2.804140
 2.818784
 2.837243
 2.847477
 2.891292
 2.897291
 2.980009
 2.999103
 3.067703
 3.084959
 3.161355
 3.267857
 3.278746
 3.385680
 3.440031
 3.517965
 3.539081
 3.543417
 3.560677
 3.671241
 3.733155
 3.757434
 3.797314
 3.820686
 3.841916
 3.907709
 3.998422
 4.001892
 4.085577
 4.139403
 4.195718
 4.209652
 4.236213
 4.291157
 4.315516
 4.445589
 4.542019
 4.760064
 5.102709
 5.331129
 5.406651
 5.450953
 5.492843
 5.524110
 5.678017
 5.753581
 5.760189
 5.916244
 5.961047
 5.983088
 6.405891
 6.557746
 6.570878
 6.593871
 7.005859
 7.034638
 7.108707
 7.186035
 7.258629
 7.283533
 7.299342
 7.308032
 7.343224
 7.404449
 7.512403
 8.037170
 8.122869
 8.210374
 8.384837
 9.642218
 13.511861
 
listOfInterval = 
-9.624561
 -7.310919
 -4.997277
 -2.683635
 -0.369993
 1.943650
 4.257292
 6.570934
 13.511861
 
medianOfInterval = 
-8.467740
 -6.154098
 -3.840456
 -1.526814
 0.786829
 3.100471
 5.414113
 10.041397
 
freqOfInterval = 
9.000000
 26.000000
 52.000000
 86.000000
 120.000000
 69.000000
 20.000000
 18.000000
 
reblativeFreqOfIntervall = 
0.022500
 0.065000
 0.130000
 0.215000
 0.300000
 0.172500
 0.050000
 0.045000
 
empireDensity / Height Gists = 
0.009725
 0.028094
 0.056188
 0.092927
 0.129666
 0.074558
 0.021611
 0.019450
 
teoreticDensity = 
0.007042
 0.021061
 0.055747
 0.108421
 0.120285
 0.072204
 0.029322
 0.003257
 
EmpiricalMx = 0.013204
 
EmpiricalDx = 12.294875
 
EmpiricalMedian = 0.075384
 
EmpiricalDisp = 14.334873
 
getProbPrac = 
0.020332
 0.064620
 0.142932
 0.220091
 0.235973
 0.176166
 0.091565
 0.042923
 
getProbTeor = 
0.021233
 0.066693
 0.145786
 0.221853
 0.235074
 0.173437
 0.089089
 0.041145
 
getHiPrac = 15.175511
 
getHiTeor = 14.995642
 
HiAllowably = 9.236000
 
HiAllowably = 12.017000
 
