listic = 
-0.281373
 0.183577
 0.192405
 0.288361
 0.568554
 0.605185
 0.744048
 0.758575
 0.875197
 0.936722
 1.116400
 1.119839
 1.172332
 1.230761
 1.312222
 1.359570
 1.361055
 1.372266
 1.391262
 1.438866
 1.480083
 1.491176
 1.534359
 1.546686
 1.706491
 1.742791
 1.742900
 1.759780
 1.841440
 1.888431
 1.984783
 1.994972
 2.037735
 2.039645
 2.105674
 2.108661
 2.123195
 2.129036
 2.145575
 2.159430
 2.167772
 2.174077
 2.182471
 2.203237
 2.220531
 2.230697
 2.315914
 2.336450
 2.356174
 2.368183
 2.374609
 2.432267
 2.451803
 2.498261
 2.526784
 2.546067
 2.584401
 2.599040
 2.638155
 2.663556
 2.768635
 2.805678
 2.852700
 2.862104
 2.915415
 2.923591
 2.924034
 2.968557
 2.983788
 2.986408
 3.000544
 3.020072
 3.033626
 3.050123
 3.053592
 3.060285
 3.085448
 3.086327
 3.101642
 3.107319
 3.133701
 3.174419
 3.188097
 3.196753
 3.198706
 3.207626
 3.228190
 3.234125
 3.247631
 3.250919
 3.269854
 3.283724
 3.306037
 3.387948
 3.416554
 3.425231
 3.437632
 3.465645
 3.480787
 3.486366
 3.493425
 3.496533
 3.502616
 3.503625
 3.518564
 3.524336
 3.529991
 3.531046
 3.560043
 3.598325
 3.599340
 3.604741
 3.611636
 3.629440
 3.664776
 3.686772
 3.690564
 3.694569
 3.695369
 3.732451
 3.735925
 3.747176
 3.748631
 3.758345
 3.809227
 3.829753
 3.840136
 3.875986
 3.882517
 3.886017
 3.891697
 3.940770
 3.960782
 3.961664
 3.980178
 4.020471
 4.047582
 4.066395
 4.081061
 4.091311
 4.106476
 4.113361
 4.115748
 4.118974
 4.126266
 4.133476
 4.141181
 4.161330
 4.175391
 4.198200
 4.202925
 4.206968
 4.208167
 4.241999
 4.242643
 4.256142
 4.258148
 4.264413
 4.266342
 4.273255
 4.280081
 4.285032
 4.300235
 4.301195
 4.303317
 4.309715
 4.332734
 4.335610
 4.340089
 4.350723
 4.364017
 4.378021
 4.388008
 4.394964
 4.397404
 4.412380
 4.414812
 4.434526
 4.435833
 4.452062
 4.453199
 4.470246
 4.475273
 4.486461
 4.487705
 4.491398
 4.522140
 4.534901
 4.541380
 4.541493
 4.551113
 4.569109
 4.587402
 4.592512
 4.594460
 4.607951
 4.613791
 4.631367
 4.643147
 4.644350
 4.670112
 4.676110
 4.678120
 4.683746
 4.709004
 4.710581
 4.712986
 4.721995
 4.726597
 4.756341
 4.775462
 4.777771
 4.792161
 4.829813
 4.841255
 4.849103
 4.852781
 4.858055
 4.858667
 4.870376
 4.885922
 4.906064
 4.908936
 4.933400
 4.948697
 4.984774
 4.985889
 4.991423
 4.998523
 5.012872
 5.016421
 5.033108
 5.038843
 5.063808
 5.083832
 5.122778
 5.125758
 5.147754
 5.211042
 5.224964
 5.264734
 5.324102
 5.340309
 5.345462
 5.351806
 5.367686
 5.370573
 5.383289
 5.386862
 5.398776
 5.403822
 5.411926
 5.412422
 5.438888
 5.453963
 5.454558
 5.492519
 5.503063
 5.506843
 5.511087
 5.533040
 5.589661
 5.594520
 5.596621
 5.635055
 5.660695
 5.666780
 5.688760
 5.697861
 5.701668
 5.773752
 5.786435
 5.849920
 5.892755
 5.931846
 5.957065
 6.100850
 6.141830
 6.168444
 6.205135
 6.216918
 6.238092
 6.298338
 6.317272
 6.333859
 6.343126
 6.362244
 6.367237
 6.381268
 6.381365
 6.489880
 6.502177
 6.507943
 6.521416
 6.672529
 6.682368
 6.697729
 6.764210
 6.849865
 6.889978
 6.890754
 6.917691
 7.040094
 7.096020
 7.139503
 7.190555
 7.276720
 7.303128
 7.354778
 7.387255
 7.469939
 7.643137
 7.652668
 7.772419
 7.836889
 7.860796
 7.868375
 7.981650
 8.042962
 8.044646
 8.238508
 8.395046
 8.659083
 9.449365
 9.635844
 
listOfInterval = 
-0.281373
 0.710348
 1.702070
 2.693792
 3.685514
 4.677235
 5.668957
 6.660679
 7.652400
 9.635844
 
medianOfInterval = 
0.214488
 1.206209
 2.197931
 3.189653
 4.181374
 5.173096
 6.164818
 7.156539
 8.644122
 
freqOfInterval = 
6.000000
 18.000000
 36.000000
 55.000000
 87.000000
 65.000000
 27.000000
 18.000000
 13.000000
 
reblativeFreqOfIntervall = 
0.018462
 0.055385
 0.110769
 0.169231
 0.267692
 0.200000
 0.083077
 0.055385
 0.040000
 
empireDensity / Height Gists = 
0.018616
 0.055847
 0.111694
 0.170643
 0.269927
 0.201669
 0.083770
 0.055847
 0.040334
 
teoreticDensity = 
0.024441
 0.070866
 0.153864
 0.250153
 0.304542
 0.277627
 0.189517
 0.096874
 0.020582
 
EmpiricalMx = 4.261880
 
EmpiricalDx = 3.060337
 
EmpiricalMedian = 4.262238
 
EmpiricalDisp = 3.186849
 
leftConfIntervalMX = 4.031554
 
rightConfIntervalMX = 4.492922
 
leftLimDX = 2.680026
 
rightLimDX = 3.865381
 
getProbPrac = 
0.017853
 0.052454
 0.114042
 0.183513
 0.218589
 0.192739
 0.125798
 0.060772
 0.027472
 
getProbTeor = 
0.015794
 0.047802
 0.107059
 0.177462
 0.217743
 0.197770
 0.132968
 0.066170
 0.031008
 
getHiPrac = 10.852558
 
getHiTeor = 11.937791
 
HiAllowably = 18.548000
 
HiAllowably = 21.955000
 
