listic = 
-0.627642
 -0.392882
 -0.180872
 -0.146009
 0.055565
 0.154011
 0.499135
 0.524184
 0.571856
 0.720633
 0.784580
 0.821929
 0.890304
 0.967733
 1.089054
 1.233899
 1.287792
 1.291930
 1.304219
 1.357850
 1.370384
 1.418821
 1.449191
 1.497097
 1.513995
 1.517351
 1.621586
 1.776764
 1.848828
 1.912063
 1.918228
 1.918911
 1.970601
 1.975895
 1.977807
 2.090869
 2.098567
 2.118966
 2.147238
 2.151854
 2.175945
 2.244001
 2.260204
 2.291373
 2.340666
 2.361730
 2.364378
 2.364617
 2.369194
 2.408697
 2.434209
 2.537350
 2.543436
 2.566763
 2.614177
 2.666080
 2.675782
 2.693281
 2.715160
 2.724640
 2.731312
 2.737792
 2.770825
 2.770840
 2.781574
 2.809151
 2.815147
 2.829965
 2.862192
 2.864351
 2.871346
 2.876527
 2.901077
 2.908828
 2.957237
 2.979403
 2.989229
 2.991696
 3.031193
 3.036079
 3.038543
 3.067892
 3.109295
 3.129925
 3.157518
 3.170907
 3.178136
 3.192071
 3.203329
 3.209053
 3.235224
 3.235884
 3.244051
 3.252979
 3.271342
 3.322894
 3.349383
 3.354870
 3.368286
 3.370962
 3.383922
 3.406806
 3.428974
 3.431230
 3.437499
 3.446522
 3.464124
 3.481406
 3.530973
 3.578385
 3.579203
 3.582074
 3.602241
 3.613610
 3.619971
 3.629699
 3.643190
 3.649114
 3.659895
 3.662560
 3.680372
 3.704299
 3.706131
 3.713469
 3.729960
 3.741791
 3.745748
 3.753075
 3.760374
 3.768822
 3.788725
 3.811583
 3.812892
 3.824793
 3.848040
 3.852706
 3.863547
 3.870653
 3.886143
 3.886156
 3.886537
 3.891089
 3.891293
 3.892460
 3.902418
 3.910111
 3.944598
 3.945368
 3.949853
 3.955315
 3.958722
 3.991649
 4.026183
 4.038985
 4.052232
 4.066722
 4.076160
 4.095730
 4.119674
 4.120742
 4.124395
 4.192530
 4.245333
 4.251249
 4.267851
 4.274494
 4.275231
 4.286210
 4.289722
 4.353809
 4.373148
 4.385206
 4.396864
 4.401390
 4.412450
 4.413889
 4.415763
 4.420225
 4.426119
 4.443703
 4.444080
 4.457667
 4.458866
 4.464228
 4.497633
 4.504300
 4.504853
 4.516130
 4.525758
 4.536992
 4.574075
 4.574342
 4.585726
 4.602939
 4.620604
 4.631680
 4.643016
 4.697389
 4.698890
 4.730375
 4.732336
 4.736832
 4.738612
 4.827180
 4.867378
 4.868378
 4.883726
 4.958168
 4.974338
 5.005096
 5.055345
 5.068576
 5.085657
 5.093783
 5.101503
 5.130939
 5.134872
 5.145989
 5.150783
 5.172901
 5.183294
 5.186450
 5.188835
 5.196977
 5.251691
 5.310133
 5.313214
 5.327136
 5.341367
 5.357039
 5.372254
 5.374416
 5.376027
 5.383825
 5.386450
 5.412150
 5.428392
 5.430164
 5.438377
 5.444448
 5.459234
 5.461686
 5.462221
 5.558033
 5.561492
 5.582909
 5.588372
 5.589567
 5.599403
 5.603989
 5.705369
 5.709661
 5.716226
 5.723556
 5.762000
 5.770361
 5.788653
 5.797388
 5.809846
 5.818180
 5.848681
 5.883895
 5.885577
 5.896625
 5.900773
 5.917639
 5.926227
 5.956058
 5.959272
 5.964533
 6.007044
 6.011460
 6.065962
 6.075713
 6.093864
 6.132762
 6.134930
 6.156981
 6.160904
 6.189667
 6.229769
 6.242334
 6.263201
 6.277573
 6.313597
 6.335019
 6.388326
 6.477806
 6.490345
 6.493286
 6.505369
 6.539716
 6.552368
 6.568942
 6.592179
 6.604923
 6.606713
 6.726531
 6.732932
 6.765726
 6.823203
 6.841289
 6.923212
 6.936745
 6.983233
 7.013673
 7.041700
 7.138310
 7.173902
 7.235291
 7.257496
 7.339507
 7.453986
 7.529242
 7.534792
 7.657317
 7.679236
 8.188686
 8.229476
 8.447008
 8.528995
 8.572884
 8.825457
 8.969137
 9.840089
 
listOfInterval = 
-0.627642
 0.419131
 1.465905
 2.512678
 3.559451
 4.606224
 5.652997
 6.699770
 7.746543
 9.840089
 
medianOfInterval = 
-0.104255
 0.942518
 1.989291
 3.036064
 4.082837
 5.129610
 6.176383
 7.223157
 8.793316
 
freqOfInterval = 
6.000000
 17.000000
 28.000000
 58.000000
 85.000000
 56.000000
 47.000000
 20.000000
 8.000000
 
reblativeFreqOfIntervall = 
0.018462
 0.052308
 0.086154
 0.178462
 0.261538
 0.172308
 0.144615
 0.061538
 0.024615
 
empireDensity / Height Gists = 
0.017637
 0.049970
 0.082304
 0.170487
 0.249852
 0.164608
 0.138154
 0.058789
 0.023515
 
teoreticDensity = 
0.016325
 0.054925
 0.133887
 0.236450
 0.302538
 0.280451
 0.188353
 0.091649
 0.016999
 
EmpiricalMx = 4.263354
 
EmpiricalDx = 3.328097
 
EmpiricalMedian = 4.266425
 
EmpiricalDisp = 3.354642
 
leftConfIntervalMX = 4.029746
 
rightConfIntervalMX = 4.503104
 
leftLimDX = 2.821134
 
rightLimDX = 4.068901
 
getProbPrac = 
0.014071
 0.045288
 0.106026
 0.180596
 0.223840
 0.201897
 0.132516
 0.063285
 0.027541
 
getProbTeor = 
0.012480
 0.041327
 0.099543
 0.174442
 0.222445
 0.206421
 0.139391
 0.068489
 0.030844
 
getHiPrac = 5.965957
 
getHiTeor = 7.262204
 
HiAllowably = 18.548000
 
HiAllowably = 21.955000
 
