listic = 
-13.676803
 -12.163558
 -11.451503
 -11.437314
 -11.017437
 -10.396129
 -10.367417
 -9.866216
 -9.198943
 -9.104096
 -8.613637
 -7.815567
 -7.102139
 -7.029915
 -6.874550
 -6.803400
 -6.801172
 -6.750252
 -6.239397
 -5.955682
 -5.752329
 -5.653869
 -5.446364
 -5.223994
 -5.191425
 -5.162199
 -5.160251
 -5.153408
 -5.141515
 -5.138606
 -4.983507
 -4.880704
 -4.821247
 -4.797013
 -4.772550
 -4.731480
 -4.659771
 -4.643667
 -4.600172
 -4.551639
 -4.532664
 -4.494243
 -4.440226
 -4.359443
 -4.313783
 -4.240738
 -4.231153
 -4.217436
 -4.145330
 -4.117517
 -4.116825
 -4.101591
 -4.023841
 -3.813805
 -3.783971
 -3.781868
 -3.754480
 -3.740389
 -3.662091
 -3.627813
 -3.624458
 -3.564245
 -3.524284
 -3.512392
 -3.456610
 -3.449866
 -3.430615
 -3.356500
 -3.336470
 -3.332449
 -3.255532
 -3.249760
 -3.219565
 -3.182721
 -3.173815
 -3.171452
 -3.134677
 -3.107302
 -3.072442
 -3.066570
 -3.053098
 -3.041727
 -3.010971
 -2.995033
 -2.967914
 -2.963459
 -2.960275
 -2.815070
 -2.792749
 -2.763083
 -2.716595
 -2.708686
 -2.637659
 -2.624846
 -2.607738
 -2.604806
 -2.555084
 -2.510935
 -2.463532
 -2.438911
 -2.428755
 -2.357287
 -2.326383
 -2.325389
 -2.320226
 -2.266744
 -2.241383
 -2.236043
 -2.203905
 -2.159046
 -2.083180
 -2.063746
 -2.027270
 -1.999826
 -1.997198
 -1.974505
 -1.945376
 -1.936831
 -1.855953
 -1.839058
 -1.834959
 -1.818292
 -1.781538
 -1.730656
 -1.701341
 -1.689971
 -1.667789
 -1.643847
 -1.641842
 -1.611886
 -1.592947
 -1.578453
 -1.577285
 -1.564949
 -1.546928
 -1.536575
 -1.511728
 -1.497233
 -1.492880
 -1.475105
 -1.449528
 -1.391577
 -1.389977
 -1.374295
 -1.373968
 -1.363257
 -1.356219
 -1.320272
 -1.320204
 -1.299234
 -1.241939
 -1.147715
 -1.131852
 -1.087676
 -1.077609
 -1.066856
 -1.062611
 -1.055321
 -1.051960
 -1.033011
 -1.020513
 -1.001423
 -0.986610
 -0.947662
 -0.915010
 -0.902198
 -0.899623
 -0.865700
 -0.861583
 -0.831453
 -0.800048
 -0.771796
 -0.731653
 -0.662773
 -0.661198
 -0.641899
 -0.637983
 -0.634132
 -0.591190
 -0.538113
 -0.536815
 -0.536741
 -0.526532
 -0.498887
 -0.493845
 -0.492271
 -0.481357
 -0.463468
 -0.413516
 -0.376020
 -0.349506
 -0.346200
 -0.344697
 -0.301743
 -0.265777
 -0.241334
 -0.238935
 -0.233892
 -0.204989
 -0.157787
 -0.156953
 -0.145851
 -0.111100
 -0.077553
 -0.021228
 -0.012188
 0.029575
 0.030990
 0.053846
 0.055068
 0.061348
 0.069037
 0.109145
 0.167328
 0.171929
 0.182767
 0.205104
 0.229420
 0.248113
 0.259236
 0.259272
 0.284283
 0.303118
 0.357504
 0.398434
 0.401273
 0.422955
 0.451589
 0.454838
 0.494940
 0.515646
 0.521586
 0.576504
 0.616783
 0.630756
 0.730429
 0.744962
 0.770807
 0.780248
 0.852699
 0.885740
 0.892834
 0.913497
 0.925244
 0.948949
 0.971310
 0.972516
 0.980332
 1.021597
 1.047029
 1.054135
 1.086877
 1.108227
 1.130803
 1.155226
 1.170966
 1.171916
 1.174109
 1.197483
 1.205650
 1.215854
 1.225816
 1.256913
 1.287353
 1.294861
 1.304055
 1.339185
 1.346219
 1.357803
 1.379795
 1.381642
 1.518582
 1.532604
 1.540302
 1.632999
 1.637211
 1.733388
 1.749988
 1.806992
 1.808825
 1.809839
 1.836973
 1.884745
 1.892431
 1.909685
 1.909934
 1.917262
 1.978210
 1.990358
 2.016451
 2.044975
 2.056730
 2.059223
 2.153780
 2.173397
 2.249119
 2.249281
 2.317637
 2.337234
 2.426197
 2.434286
 2.453576
 2.455311
 2.506416
 2.518071
 2.538254
 2.538993
 2.589089
 2.601239
 2.635180
 2.653603
 2.672046
 2.692240
 2.710368
 2.744999
 2.816121
 2.874190
 2.904353
 2.916392
 2.925588
 2.928299
 2.935057
 2.969860
 2.972563
 2.996764
 3.018344
 3.040798
 3.049227
 3.078775
 3.108027
 3.149186
 3.198101
 3.267351
 3.277006
 3.340512
 3.422021
 3.490859
 3.565991
 3.626417
 3.670766
 3.676987
 3.715935
 3.782498
 3.879107
 3.933247
 4.000322
 4.013682
 4.038196
 4.049105
 4.181689
 4.197849
 4.221306
 4.223812
 4.279354
 4.328371
 4.369092
 4.441301
 4.498530
 4.506387
 4.510801
 4.541858
 4.658173
 4.685402
 4.736712
 4.834503
 4.844063
 4.854729
 4.887049
 4.979614
 5.028406
 5.300898
 5.337751
 5.355751
 5.472704
 5.554168
 5.587441
 5.676851
 5.807649
 5.818785
 5.847474
 5.889467
 5.981845
 6.051883
 6.190739
 6.344590
 6.746172
 7.313468
 7.409856
 7.795560
 8.080156
 8.207052
 8.429575
 8.682692
 9.809647
 9.819726
 10.465007
 10.763988
 12.328189
 13.268570
 14.683160
 
listOfInterval = 
-13.676803
 -10.840806
 -8.004810
 -5.168814
 -2.332818
 0.503179
 3.339175
 6.175171
 9.011167
 14.683160
 
medianOfInterval = 
-12.258805
 -9.422808
 -6.586812
 -3.750816
 -0.914820
 1.921177
 4.757173
 7.593169
 11.847164
 
freqOfInterval = 
5.000000
 6.000000
 14.000000
 77.000000
 128.000000
 104.000000
 49.000000
 10.000000
 7.000000
 
reblativeFreqOfIntervall = 
0.012500
 0.015000
 0.035000
 0.192500
 0.320000
 0.260000
 0.122500
 0.025000
 0.017500
 
empireDensity / Height Gists = 
0.004408
 0.005289
 0.012341
 0.067877
 0.112835
 0.091679
 0.043195
 0.008815
 0.006171
 
teoreticDensity = 
0.001084
 0.004416
 0.017258
 0.057625
 0.118683
 0.100082
 0.038813
 0.010736
 0.001331
 
EmpiricalMx = -0.058675
 
EmpiricalDx = 15.329685
 
EmpiricalMedian = -0.060476
 
EmpiricalDisp = 15.330712
 
leftConfIntervalMX = -0.383500
 
rightConfIntervalMX = 0.262549
 
leftLimDX = 13.016152
 
rightLimDX = 17.645272
 
getProbPrac = 
0.002697
 0.018280
 0.074773
 0.184834
 0.276394
 0.250143
 0.136997
 0.045373
 0.010172
 
getProbTeor = 
0.002575
 0.017642
 0.072943
 0.182255
 0.275473
 0.251993
 0.139497
 0.046699
 0.010595
 
getHiPrac = 32.368702
 
getHiTeor = 33.227637
 
HiAllowably = 10.645000
 
HiAllowably = 13.362000
 
