listic = 
-12.074816
 -10.950790
 -10.708893
 -10.084444
 -9.090214
 -8.708938
 -7.836197
 -7.537419
 -7.120041
 -6.946203
 -6.804236
 -6.763569
 -6.556823
 -6.504924
 -6.448443
 -6.433975
 -6.322018
 -6.306244
 -6.235050
 -6.231673
 -6.002789
 -5.921649
 -5.803564
 -5.721812
 -5.653499
 -5.649104
 -5.533741
 -5.490822
 -5.365898
 -5.349229
 -5.228602
 -5.190385
 -5.096747
 -5.071751
 -5.068953
 -5.047352
 -4.976382
 -4.860023
 -4.820765
 -4.637107
 -4.627000
 -4.577800
 -4.576811
 -4.576211
 -4.414140
 -4.387608
 -4.363128
 -4.301551
 -4.295755
 -4.095579
 -3.915825
 -3.901108
 -3.846130
 -3.837069
 -3.819707
 -3.642376
 -3.619137
 -3.585532
 -3.573532
 -3.552177
 -3.552071
 -3.505894
 -3.503129
 -3.488398
 -3.437625
 -3.396073
 -3.374483
 -3.368741
 -3.355876
 -3.350258
 -3.335188
 -3.292996
 -3.271039
 -3.237343
 -3.230334
 -3.193108
 -3.189115
 -3.109775
 -3.010971
 -2.908857
 -2.864413
 -2.816719
 -2.750618
 -2.741647
 -2.721654
 -2.709276
 -2.708391
 -2.665904
 -2.655462
 -2.567823
 -2.523275
 -2.440926
 -2.432048
 -2.403506
 -2.403130
 -2.398153
 -2.397482
 -2.355368
 -2.347804
 -2.332739
 -2.286891
 -2.283090
 -2.273825
 -2.263180
 -2.235498
 -2.206475
 -2.143675
 -2.137353
 -2.116969
 -2.009078
 -1.979126
 -1.968711
 -1.912720
 -1.888670
 -1.850648
 -1.840324
 -1.785058
 -1.770729
 -1.751670
 -1.741371
 -1.685004
 -1.660693
 -1.660439
 -1.629011
 -1.621538
 -1.601763
 -1.587526
 -1.495672
 -1.490708
 -1.473583
 -1.472640
 -1.465286
 -1.438441
 -1.421066
 -1.391753
 -1.371575
 -1.363212
 -1.322423
 -1.316062
 -1.311952
 -1.298544
 -1.285460
 -1.281807
 -1.278602
 -1.256399
 -1.249162
 -1.242606
 -1.226103
 -1.194141
 -1.154489
 -1.147581
 -1.147572
 -1.100561
 -1.063076
 -1.062814
 -1.046400
 -1.025924
 -1.017691
 -0.984357
 -0.959547
 -0.938024
 -0.930739
 -0.925852
 -0.923065
 -0.910028
 -0.886604
 -0.871580
 -0.857889
 -0.745289
 -0.697257
 -0.646749
 -0.629411
 -0.603488
 -0.598170
 -0.576865
 -0.576619
 -0.565031
 -0.564638
 -0.545955
 -0.532508
 -0.511289
 -0.487407
 -0.457463
 -0.456657
 -0.456231
 -0.448210
 -0.393157
 -0.375034
 -0.363196
 -0.337265
 -0.326327
 -0.313242
 -0.301807
 -0.225744
 -0.225260
 -0.218809
 -0.210969
 -0.208668
 -0.206005
 -0.138503
 -0.132102
 -0.071232
 -0.064258
 -0.050672
 -0.046221
 -0.034786
 0.037589
 0.042442
 0.047697
 0.069357
 0.071531
 0.075731
 0.083613
 0.138708
 0.144636
 0.155600
 0.218452
 0.228911
 0.233817
 0.242870
 0.274332
 0.282941
 0.304302
 0.367324
 0.418909
 0.444352
 0.449697
 0.466629
 0.480571
 0.485617
 0.504280
 0.517543
 0.541031
 0.552998
 0.567723
 0.581239
 0.583486
 0.592753
 0.592870
 0.598183
 0.599984
 0.673783
 0.702861
 0.706243
 0.715676
 0.728218
 0.750520
 0.757057
 0.760609
 0.792009
 0.856214
 0.883758
 0.884083
 0.908641
 0.927481
 0.952653
 0.960877
 0.976401
 0.986827
 1.003204
 1.003776
 1.050710
 1.053763
 1.107463
 1.127147
 1.150396
 1.162842
 1.179406
 1.191579
 1.247686
 1.250280
 1.258464
 1.312315
 1.323939
 1.343069
 1.388481
 1.415657
 1.425614
 1.428867
 1.459826
 1.475922
 1.495548
 1.500965
 1.520623
 1.530429
 1.544470
 1.572006
 1.592635
 1.653196
 1.700346
 1.713062
 1.732093
 1.737299
 1.746166
 1.752879
 1.785793
 1.806893
 1.817753
 1.861637
 1.865431
 1.874343
 1.875272
 1.947008
 2.017602
 2.039196
 2.048210
 2.070768
 2.086834
 2.103991
 2.180680
 2.191391
 2.247716
 2.320806
 2.336009
 2.366390
 2.369598
 2.411990
 2.422455
 2.423251
 2.424125
 2.508278
 2.533005
 2.533899
 2.579049
 2.580844
 2.599644
 2.632686
 2.656244
 2.656289
 2.676696
 2.699939
 2.702096
 2.702431
 2.712901
 2.741972
 2.796022
 2.816186
 2.836571
 2.846906
 2.861116
 2.877481
 2.903164
 2.914799
 2.935604
 2.972226
 2.979509
 2.980903
 2.989774
 3.015917
 3.102782
 3.114980
 3.125354
 3.172884
 3.204040
 3.272907
 3.397901
 3.468074
 3.638856
 3.646494
 3.779733
 3.802315
 3.814340
 3.849277
 3.924499
 3.927292
 3.945832
 3.979146
 3.989240
 4.128182
 4.152196
 4.265607
 4.388586
 4.507571
 4.615392
 4.650579
 4.814345
 4.866791
 4.870097
 4.933432
 5.084697
 5.210859
 5.300033
 5.363169
 5.543877
 5.622662
 5.850728
 5.870538
 5.921338
 6.047580
 6.050888
 6.086568
 6.204771
 6.216350
 6.257151
 6.386547
 6.603563
 6.640392
 7.260753
 8.097966
 11.434363
 
listOfInterval = 
-12.074816
 -7.372980
 -5.022062
 -2.671144
 -0.320226
 2.030692
 4.381610
 11.434363
 
medianOfInterval = 
-9.723898
 -6.197521
 -3.846603
 -1.495685
 0.855233
 3.206151
 7.907987
 
freqOfInterval = 
8.000000
 28.000000
 51.000000
 104.000000
 113.000000
 67.000000
 29.000000
 
reblativeFreqOfIntervall = 
0.020000
 0.070000
 0.127500
 0.260000
 0.282500
 0.167500
 0.072500
 
empireDensity / Height Gists = 
0.008507
 0.029776
 0.054234
 0.110595
 0.120166
 0.071249
 0.030839
 
teoreticDensity = 
0.003809
 0.020648
 0.055620
 0.109032
 0.119455
 0.069739
 0.009232
 
EmpiricalMx = -0.285577
 
EmpiricalDx = 11.120491
 
EmpiricalMedian = -0.155662
 
EmpiricalDisp = 13.485981
 
leftConfIntervalMX = -0.458629
 
rightConfIntervalMX = 0.147305
 
leftLimDX = 12.131690
 
rightLimDX = 14.840273
 
getProbPrac = 
0.024102
 0.067872
 0.154117
 0.235451
 0.242070
 0.167485
 0.107517
 
getProbTeor = 
0.021832
 0.063391
 0.147772
 0.231757
 0.244602
 0.173735
 0.115483
 
getHiPrac = 10.431484
 
getHiTeor = 11.663743
 
HiAllowably = 7.779000
 
HiAllowably = 10.645000
 
