listic = 
-3.414957
 -0.676256
 -0.361637
 0.230715
 0.678025
 0.840834
 0.915350
 0.957621
 1.056580
 1.067092
 1.192837
 1.330101
 1.561240
 1.639570
 1.702355
 1.708058
 1.723135
 1.900358
 1.910138
 1.918738
 1.931589
 2.013326
 2.055084
 2.056822
 2.059089
 2.092171
 2.135517
 2.183714
 2.264425
 2.272382
 2.277718
 2.308693
 2.341852
 2.400709
 2.432304
 2.466555
 2.477139
 2.569653
 2.589503
 2.656841
 2.750546
 2.792964
 2.852529
 2.860462
 2.870040
 2.892881
 2.926760
 2.936466
 2.941146
 2.967523
 3.019800
 3.019836
 3.019927
 3.022203
 3.022270
 3.057716
 3.096996
 3.098790
 3.105240
 3.112339
 3.124303
 3.126111
 3.132845
 3.135769
 3.147211
 3.156143
 3.192114
 3.192558
 3.212752
 3.216289
 3.231365
 3.239318
 3.243007
 3.247516
 3.254097
 3.266939
 3.284640
 3.286275
 3.288985
 3.291300
 3.298762
 3.302757
 3.309756
 3.322364
 3.336027
 3.344989
 3.357700
 3.383416
 3.385064
 3.390428
 3.391273
 3.457517
 3.483053
 3.516763
 3.528919
 3.531473
 3.560185
 3.574021
 3.580982
 3.583192
 3.616882
 3.628445
 3.634678
 3.674039
 3.693296
 3.695799
 3.708922
 3.727352
 3.729919
 3.739602
 3.753987
 3.754565
 3.769334
 3.803437
 3.811612
 3.812513
 3.838901
 3.842726
 3.858570
 3.905767
 3.915919
 3.919540
 3.925458
 3.957294
 3.992205
 4.013396
 4.086467
 4.102691
 4.144974
 4.148978
 4.157182
 4.173102
 4.180208
 4.227582
 4.240410
 4.253115
 4.265665
 4.268286
 4.285755
 4.307020
 4.318260
 4.345708
 4.376725
 4.399150
 4.412986
 4.416684
 4.421456
 4.427343
 4.427787
 4.453726
 4.471736
 4.477096
 4.481218
 4.494697
 4.494722
 4.500151
 4.504117
 4.550727
 4.551719
 4.561843
 4.577806
 4.607217
 4.619215
 4.652766
 4.655756
 4.695053
 4.705286
 4.722075
 4.722992
 4.734569
 4.734697
 4.747482
 4.770469
 4.788393
 4.788998
 4.796378
 4.817402
 4.821401
 4.866703
 4.872839
 4.879128
 4.883591
 4.884085
 4.898410
 4.904229
 4.909720
 4.911834
 4.918015
 4.929260
 4.945372
 4.949530
 4.963763
 4.969909
 4.993549
 5.019324
 5.023497
 5.030683
 5.033566
 5.069540
 5.073023
 5.074930
 5.096889
 5.098798
 5.111952
 5.164120
 5.169142
 5.198070
 5.203563
 5.232677
 5.260758
 5.263562
 5.274537
 5.278013
 5.314158
 5.326283
 5.327684
 5.394522
 5.395380
 5.402702
 5.423654
 5.447131
 5.466212
 5.479940
 5.481537
 5.485834
 5.537430
 5.565278
 5.565526
 5.566158
 5.574973
 5.580203
 5.601268
 5.605270
 5.640591
 5.641374
 5.649949
 5.653824
 5.661687
 5.696990
 5.711140
 5.717148
 5.725208
 5.738640
 5.744259
 5.748195
 5.758064
 5.761217
 5.766756
 5.769608
 5.781411
 5.802892
 5.807310
 5.817594
 5.837108
 5.865823
 5.872898
 5.903408
 5.905816
 5.965378
 5.994863
 6.001725
 6.017079
 6.042863
 6.074029
 6.087183
 6.128922
 6.152725
 6.156944
 6.233556
 6.249358
 6.260645
 6.263931
 6.270599
 6.272721
 6.277197
 6.345704
 6.357150
 6.358163
 6.377290
 6.423267
 6.445893
 6.467201
 6.469672
 6.501688
 6.503616
 6.543000
 6.551769
 6.616222
 6.640880
 6.663383
 6.680341
 6.680591
 6.704491
 6.756268
 6.763439
 6.763997
 6.842314
 6.853433
 6.897673
 6.912043
 6.960064
 6.970342
 6.977928
 6.980056
 7.045159
 7.182838
 7.188640
 7.221845
 7.264988
 7.292795
 7.315594
 7.316929
 7.471919
 7.474229
 7.614472
 7.647971
 7.782766
 7.864641
 7.969542
 8.062648
 8.146630
 8.282277
 8.673492
 9.046076
 9.139923
 
listOfInterval = 
-3.414957
 1.606995
 2.862483
 4.117971
 5.373459
 6.628947
 7.884435
 9.139923
 
medianOfInterval = 
-0.903981
 2.234739
 3.490227
 4.745715
 6.001203
 7.256691
 8.512179
 
freqOfInterval = 
13.000000
 31.000000
 84.000000
 88.000000
 72.000000
 30.000000
 7.000000
 
reblativeFreqOfIntervall = 
0.040000
 0.095385
 0.258462
 0.270769
 0.221538
 0.092308
 0.021538
 
empireDensity / Height Gists = 
0.031860
 0.075974
 0.205865
 0.215669
 0.176456
 0.073523
 0.017155
 
teoreticDensity = 
0.005200
 0.157477
 0.273760
 0.299353
 0.205900
 0.089082
 0.024243
 
EmpiricalMx = 4.546740
 
EmpiricalDx = 3.046621
 
EmpiricalMedian = 4.546768
 
EmpiricalDisp = 3.482733
 
leftConfIntervalMX = 4.305613
 
rightConfIntervalMX = 4.787924
 
leftLimDX = 2.928854
 
rightLimDX = 4.224264
 
getProbPrac = 
0.057588
 0.125793
 0.225744
 0.261974
 0.196621
 0.095420
 0.029926
 
getProbTeor = 
0.070066
 0.141069
 0.237256
 0.258049
 0.181516
 0.082554
 0.024262
 
getHiPrac = 7.595110
 
getHiTeor = 13.162834
 
HiAllowably = 14.860000
 
HiAllowably = 18.548000
 
