listic = 
-15.342701
 -13.491966
 -10.555754
 -10.515024
 -10.403827
 -10.093858
 -9.791166
 -9.593141
 -8.938817
 -8.698798
 -8.571129
 -8.362355
 -7.686880
 -7.251494
 -6.867864
 -6.823803
 -6.695065
 -6.564344
 -6.517043
 -6.494984
 -6.251746
 -6.187418
 -6.153998
 -6.124056
 -6.026003
 -5.886027
 -5.871326
 -5.645601
 -5.535074
 -5.488711
 -5.434446
 -5.417994
 -5.170528
 -5.120263
 -4.863650
 -4.778077
 -4.714687
 -4.510832
 -4.480467
 -4.432261
 -4.392462
 -4.254484
 -4.239454
 -4.021088
 -3.932819
 -3.780928
 -3.730982
 -3.690134
 -3.668512
 -3.634010
 -3.556052
 -3.537437
 -3.469662
 -3.397954
 -3.393502
 -3.360891
 -3.221231
 -3.211306
 -3.145495
 -3.140455
 -3.126711
 -3.090079
 -3.074245
 -3.060885
 -3.047653
 -2.992478
 -2.991215
 -2.955597
 -2.930554
 -2.913409
 -2.910113
 -2.906379
 -2.905531
 -2.893602
 -2.866857
 -2.799352
 -2.775097
 -2.757246
 -2.687215
 -2.663976
 -2.639403
 -2.622669
 -2.612290
 -2.585204
 -2.562739
 -2.528921
 -2.528876
 -2.476127
 -2.441577
 -2.438045
 -2.396407
 -2.387290
 -2.385324
 -2.383574
 -2.291001
 -2.282664
 -2.281964
 -2.258832
 -2.248497
 -2.221345
 -2.220695
 -2.159466
 -2.118816
 -2.118355
 -2.090990
 -2.078081
 -2.046748
 -2.044206
 -2.028227
 -1.990549
 -1.964718
 -1.956552
 -1.912211
 -1.859278
 -1.845979
 -1.835705
 -1.796983
 -1.768134
 -1.757602
 -1.726340
 -1.716001
 -1.711466
 -1.701842
 -1.673284
 -1.667034
 -1.665916
 -1.644808
 -1.630255
 -1.622077
 -1.615283
 -1.607893
 -1.582092
 -1.568570
 -1.511417
 -1.470592
 -1.457961
 -1.418064
 -1.414536
 -1.390470
 -1.389984
 -1.386250
 -1.351190
 -1.330990
 -1.273904
 -1.221372
 -1.215674
 -1.189335
 -1.183552
 -1.180893
 -1.156913
 -1.133105
 -1.087050
 -1.067884
 -1.046077
 -1.026044
 -0.994874
 -0.984537
 -0.968524
 -0.945414
 -0.936788
 -0.936569
 -0.926860
 -0.907758
 -0.890827
 -0.882412
 -0.864700
 -0.855559
 -0.810966
 -0.763565
 -0.709780
 -0.628007
 -0.604882
 -0.591829
 -0.591827
 -0.585587
 -0.549652
 -0.544234
 -0.543624
 -0.446391
 -0.402715
 -0.355737
 -0.354691
 -0.348340
 -0.298378
 -0.296716
 -0.278765
 -0.275773
 -0.162668
 -0.156412
 -0.097592
 -0.091429
 -0.086470
 -0.080860
 -0.049409
 -0.034915
 -0.003695
 0.011374
 0.058368
 0.119990
 0.131912
 0.151307
 0.170322
 0.177275
 0.178942
 0.198344
 0.199678
 0.227333
 0.240687
 0.250708
 0.264832
 0.332224
 0.340342
 0.410622
 0.413950
 0.443521
 0.455997
 0.466840
 0.470601
 0.494941
 0.509948
 0.544620
 0.603066
 0.605358
 0.700991
 0.723950
 0.752186
 0.774172
 0.778622
 0.799116
 0.802058
 0.813688
 0.821753
 0.848130
 0.867066
 0.916520
 0.933639
 0.972753
 0.974712
 0.984825
 0.996775
 1.055220
 1.088770
 1.149984
 1.153742
 1.174588
 1.196656
 1.207580
 1.212863
 1.235828
 1.272047
 1.310173
 1.382619
 1.390221
 1.429624
 1.447336
 1.450635
 1.458956
 1.466647
 1.470175
 1.498052
 1.505369
 1.520040
 1.529731
 1.545403
 1.583716
 1.593034
 1.597265
 1.599864
 1.635975
 1.662702
 1.679718
 1.725100
 1.754684
 1.760573
 1.792608
 1.815513
 1.827456
 1.867893
 1.873853
 1.873973
 1.878561
 1.884177
 1.969794
 1.973614
 1.991389
 2.028423
 2.039723
 2.042457
 2.044036
 2.058629
 2.062487
 2.101233
 2.122998
 2.150717
 2.151460
 2.165358
 2.167622
 2.179479
 2.192148
 2.229587
 2.232873
 2.271826
 2.316461
 2.354967
 2.431580
 2.438101
 2.473009
 2.476038
 2.484751
 2.508450
 2.531372
 2.534742
 2.536048
 2.570421
 2.586915
 2.603619
 2.651214
 2.660234
 2.779392
 2.800533
 2.811236
 2.851319
 2.877301
 2.886024
 2.887602
 3.006392
 3.028706
 3.029479
 3.133954
 3.163382
 3.264741
 3.276804
 3.302539
 3.328818
 3.353758
 3.364991
 3.385532
 3.386641
 3.387856
 3.499421
 3.563674
 3.588093
 3.697972
 3.708119
 3.757305
 3.792543
 3.815230
 3.838972
 3.885465
 3.917341
 3.924915
 3.957510
 3.966854
 3.970377
 3.997682
 4.131536
 4.230759
 4.256427
 4.284035
 4.429177
 4.654072
 4.672261
 4.762127
 4.766744
 4.771680
 4.774131
 4.846400
 4.854141
 4.945560
 5.009154
 5.199709
 5.200585
 5.291283
 5.318866
 5.392037
 5.701730
 5.807704
 5.899032
 5.920028
 6.135358
 6.281097
 6.284018
 6.290811
 6.308527
 6.371537
 6.475186
 6.602859
 6.680791
 6.698082
 6.734866
 7.607151
 7.652638
 9.364460
 9.671405
 10.340307
 10.600526
 11.920464
 12.377660
 12.593658
 13.859326
 
listOfInterval = 
-15.342701
 -9.502296
 -6.582093
 -3.661890
 -0.741688
 2.178515
 5.098718
 8.018920
 13.859326
 
medianOfInterval = 
-12.422499
 -8.042195
 -5.121992
 -2.201789
 0.718414
 3.638616
 6.558819
 10.939123
 
freqOfInterval = 
8.000000
 9.000000
 32.000000
 120.000000
 128.000000
 73.000000
 22.000000
 8.000000
 
reblativeFreqOfIntervall = 
0.020000
 0.022500
 0.080000
 0.300000
 0.320000
 0.182500
 0.055000
 0.020000
 
empireDensity / Height Gists = 
0.006849
 0.007705
 0.027395
 0.102733
 0.109581
 0.062496
 0.018834
 0.006849
 
teoreticDensity = 
0.000999
 0.008653
 0.033276
 0.093643
 0.121053
 0.060026
 0.017484
 0.002089
 
EmpiricalMx = 0.033658
 
EmpiricalDx = 14.961656
 
EmpiricalMedian = -0.026238
 
EmpiricalDisp = 15.434714
 
getProbPrac = 
0.007884
 0.039655
 0.129789
 0.250372
 0.284917
 0.191300
 0.075743
 0.020086
 
getProbTeor = 
0.007741
 0.039141
 0.128717
 0.249484
 0.285256
 0.192438
 0.076556
 0.020410
 
getHiPrac = 26.153292
 
getHiTeor = 26.390772
 
HiAllowably = 9.236000
 
HiAllowably = 12.017000
 
