listic = 
-10.626264
 -10.598151
 -10.378766
 -9.802134
 -9.665373
 -8.994001
 -8.812048
 -8.515320
 -8.459852
 -8.079017
 -7.952254
 -7.403786
 -6.858967
 -6.529795
 -6.510864
 -6.393717
 -6.278285
 -5.948923
 -5.905000
 -5.555607
 -5.442236
 -5.441823
 -5.280142
 -5.104808
 -4.989304
 -4.981531
 -4.854971
 -4.829672
 -4.711419
 -4.654914
 -4.654728
 -4.599664
 -4.594439
 -4.582280
 -4.518683
 -4.431536
 -4.411647
 -4.358679
 -4.342155
 -4.315902
 -4.289859
 -4.287978
 -4.282858
 -4.192698
 -4.171804
 -4.133202
 -4.047161
 -3.966238
 -3.924017
 -3.867840
 -3.805596
 -3.805569
 -3.790848
 -3.785233
 -3.707654
 -3.575884
 -3.539824
 -3.413506
 -3.406444
 -3.390030
 -3.354093
 -3.279838
 -3.264349
 -3.240953
 -3.221231
 -3.169959
 -3.138111
 -3.131568
 -3.131479
 -3.123070
 -3.110679
 -3.095545
 -3.049679
 -3.024691
 -2.970593
 -2.954743
 -2.945870
 -2.917534
 -2.909668
 -2.865341
 -2.858247
 -2.853726
 -2.816276
 -2.787763
 -2.783520
 -2.762822
 -2.737626
 -2.686614
 -2.665182
 -2.650990
 -2.609217
 -2.606058
 -2.568347
 -2.566803
 -2.534272
 -2.517430
 -2.493888
 -2.491634
 -2.479349
 -2.475923
 -2.466011
 -2.361898
 -2.302045
 -2.273649
 -2.241783
 -2.190858
 -2.188619
 -2.146298
 -2.087283
 -2.061881
 -2.045406
 -2.035056
 -1.998830
 -1.960483
 -1.917326
 -1.916829
 -1.903212
 -1.889078
 -1.859648
 -1.849619
 -1.790041
 -1.731744
 -1.691262
 -1.674672
 -1.662224
 -1.657070
 -1.650061
 -1.595538
 -1.565544
 -1.533855
 -1.532837
 -1.462380
 -1.427348
 -1.397599
 -1.331541
 -1.276407
 -1.258612
 -1.241257
 -1.221593
 -1.213561
 -1.186595
 -1.154582
 -1.142825
 -1.140513
 -1.121240
 -1.116565
 -1.093692
 -1.084619
 -1.061988
 -1.048522
 -1.040700
 -0.988041
 -0.975624
 -0.974754
 -0.973917
 -0.953018
 -0.906842
 -0.884146
 -0.865288
 -0.821563
 -0.772010
 -0.769430
 -0.739337
 -0.714253
 -0.659225
 -0.636089
 -0.611690
 -0.604401
 -0.510868
 -0.505275
 -0.490824
 -0.461409
 -0.449536
 -0.431486
 -0.399917
 -0.397765
 -0.378356
 -0.371021
 -0.346721
 -0.324404
 -0.217436
 -0.157583
 -0.123492
 -0.114851
 -0.063235
 -0.013017
 0.073461
 0.084831
 0.109530
 0.123969
 0.157412
 0.169074
 0.190393
 0.203628
 0.214464
 0.245397
 0.275913
 0.280949
 0.295553
 0.335030
 0.366078
 0.366594
 0.397766
 0.400071
 0.404666
 0.406087
 0.444779
 0.466488
 0.471623
 0.474527
 0.547988
 0.554640
 0.600974
 0.634215
 0.687521
 0.694512
 0.737970
 0.747858
 0.751879
 0.784297
 0.795118
 0.797035
 0.798293
 0.799922
 0.800450
 0.806095
 0.883222
 0.898386
 0.905060
 0.907095
 0.919725
 0.931034
 0.933553
 0.971314
 1.015972
 1.025050
 1.028288
 1.032139
 1.040596
 1.047477
 1.069395
 1.073021
 1.073768
 1.107903
 1.140069
 1.156127
 1.160168
 1.202651
 1.209284
 1.255666
 1.272817
 1.300622
 1.312616
 1.327178
 1.334588
 1.360439
 1.386240
 1.408308
 1.413087
 1.415075
 1.424974
 1.454427
 1.461325
 1.463245
 1.474827
 1.477651
 1.504531
 1.516430
 1.539792
 1.544382
 1.581702
 1.612881
 1.615358
 1.644034
 1.681646
 1.684208
 1.710778
 1.710999
 1.713072
 1.737060
 1.738827
 1.740397
 1.773712
 1.879247
 1.920823
 1.945176
 1.957447
 1.992455
 1.992693
 2.015195
 2.017113
 2.025345
 2.032510
 2.057928
 2.120514
 2.137654
 2.156255
 2.235295
 2.244497
 2.323190
 2.441742
 2.467918
 2.519723
 2.561597
 2.566080
 2.567544
 2.589492
 2.592497
 2.669956
 2.695256
 2.742653
 2.812558
 2.822555
 2.853486
 2.863400
 2.883304
 2.884672
 2.943240
 2.967802
 2.995561
 3.008352
 3.015162
 3.104960
 3.145405
 3.201970
 3.209876
 3.258832
 3.342228
 3.405498
 3.412812
 3.428017
 3.431721
 3.432488
 3.434956
 3.482144
 3.498961
 3.572461
 3.591102
 3.601858
 3.669078
 3.693924
 3.704091
 3.715270
 3.789175
 3.804937
 3.866719
 3.916806
 3.919940
 3.938749
 3.949880
 4.042698
 4.056365
 4.067723
 4.081146
 4.091920
 4.187416
 4.227759
 4.255912
 4.267840
 4.402510
 4.486093
 4.497875
 4.502802
 4.702534
 4.798192
 4.820272
 4.904137
 5.062630
 5.104418
 5.118035
 5.310713
 5.357005
 5.387885
 5.403925
 5.692326
 5.791695
 5.877899
 6.041571
 6.361587
 6.433255
 6.457423
 6.516617
 6.581733
 6.817920
 6.985277
 7.062105
 7.082563
 7.124356
 7.287783
 7.427484
 7.590766
 7.934840
 8.076348
 8.292700
 8.562544
 8.649622
 9.161929
 10.097622
 11.267686
 14.578100
 
listOfInterval = 
-10.626264
 -8.105827
 -5.585391
 -3.064955
 -0.544518
 1.975918
 4.496355
 7.016791
 14.578100
 
medianOfInterval = 
-9.366045
 -6.845609
 -4.325173
 -1.804736
 0.715700
 3.236136
 5.756573
 10.797445
 
freqOfInterval = 
9.000000
 10.000000
 53.000000
 96.000000
 119.000000
 74.000000
 24.000000
 15.000000
 
reblativeFreqOfIntervall = 
0.022500
 0.025000
 0.132500
 0.240000
 0.297500
 0.185000
 0.060000
 0.037500
 
empireDensity / Height Gists = 
0.008927
 0.009919
 0.052570
 0.095222
 0.118035
 0.073400
 0.023805
 0.014878
 
teoreticDensity = 
0.004541
 0.015296
 0.046259
 0.102647
 0.121082
 0.069045
 0.025202
 0.002241
 
EmpiricalMx = 0.124368
 
EmpiricalDx = 13.556279
 
EmpiricalMedian = 0.173806
 
EmpiricalDisp = 14.825538
 
leftConfIntervalMX = -0.143851
 
rightConfIntervalMX = 0.491464
 
leftLimDX = 13.042276
 
rightLimDX = 16.608799
 
getProbPrac = 
0.013248
 0.051596
 0.132771
 0.225871
 0.254116
 0.189082
 0.093032
 0.037675
 
getProbTeor = 
0.014745
 0.055808
 0.139568
 0.230757
 0.252315
 0.182464
 0.087250
 0.034124
 
getHiPrac = 16.111613
 
getHiTeor = 15.514242
 
HiAllowably = 9.236000
 
HiAllowably = 12.017000
 
