listic = 
-1.171080
 -0.157998
 -0.065959
 0.002173
 0.010777
 0.500540
 0.697098
 0.708156
 0.813912
 0.848484
 0.959637
 1.006294
 1.035201
 1.285065
 1.375066
 1.443427
 1.519175
 1.523401
 1.586360
 1.590882
 1.592632
 1.597102
 1.702384
 1.730528
 1.759243
 1.786728
 1.880437
 1.892181
 1.924477
 2.000290
 2.015492
 2.017918
 2.021758
 2.046749
 2.081753
 2.125058
 2.125704
 2.140661
 2.161160
 2.194958
 2.195523
 2.217112
 2.230751
 2.231298
 2.235956
 2.245413
 2.266313
 2.273592
 2.299728
 2.303855
 2.367678
 2.422073
 2.448133
 2.458596
 2.498217
 2.500199
 2.524580
 2.570888
 2.589859
 2.622894
 2.626906
 2.634215
 2.645964
 2.646611
 2.660395
 2.666000
 2.679090
 2.679328
 2.681834
 2.699325
 2.712146
 2.725925
 2.734169
 2.741228
 2.765749
 2.767212
 2.858774
 2.868291
 2.875693
 2.914835
 2.933308
 2.933973
 2.958157
 2.967354
 2.977237
 2.986050
 2.990337
 3.002934
 3.006271
 3.017106
 3.017784
 3.023148
 3.067338
 3.079898
 3.087351
 3.100627
 3.107114
 3.117906
 3.128765
 3.204042
 3.261857
 3.270545
 3.298250
 3.348995
 3.373898
 3.378099
 3.400533
 3.490627
 3.533094
 3.536224
 3.536780
 3.582804
 3.594637
 3.598886
 3.606308
 3.607732
 3.613597
 3.700966
 3.708930
 3.720570
 3.721890
 3.724580
 3.743079
 3.809328
 3.814286
 3.816124
 3.820982
 3.826791
 3.836140
 3.891499
 3.892162
 3.922055
 3.922547
 3.936282
 3.937269
 3.956306
 3.974297
 4.004918
 4.007552
 4.021203
 4.024593
 4.029207
 4.066288
 4.072374
 4.083826
 4.105325
 4.120560
 4.121553
 4.143121
 4.179886
 4.183144
 4.257323
 4.266185
 4.280725
 4.282991
 4.288077
 4.297151
 4.317051
 4.320538
 4.329191
 4.335437
 4.340342
 4.364950
 4.366526
 4.372200
 4.396586
 4.402571
 4.425382
 4.445682
 4.470028
 4.477893
 4.478440
 4.484850
 4.493489
 4.504297
 4.511591
 4.533928
 4.539653
 4.540551
 4.542073
 4.546572
 4.546974
 4.574748
 4.580381
 4.581783
 4.598569
 4.634862
 4.635323
 4.635703
 4.665653
 4.665917
 4.666682
 4.672512
 4.673146
 4.692811
 4.693162
 4.694685
 4.704505
 4.730268
 4.735473
 4.745394
 4.750409
 4.777253
 4.779392
 4.781476
 4.789886
 4.799926
 4.826324
 4.836291
 4.847245
 4.851938
 4.867386
 4.876977
 4.894881
 4.898525
 4.923522
 4.941534
 4.949955
 4.952322
 4.958482
 4.958485
 4.959978
 4.963593
 4.982086
 5.014020
 5.023174
 5.024657
 5.045247
 5.049352
 5.054562
 5.063753
 5.128501
 5.130202
 5.139474
 5.143348
 5.152408
 5.153510
 5.212837
 5.214760
 5.216096
 5.227289
 5.237766
 5.242023
 5.264265
 5.276868
 5.291124
 5.295076
 5.320381
 5.347135
 5.348576
 5.358012
 5.368048
 5.374240
 5.390455
 5.409669
 5.414417
 5.435892
 5.451078
 5.470336
 5.483281
 5.535920
 5.553330
 5.553885
 5.569042
 5.615959
 5.635396
 5.637025
 5.645798
 5.646668
 5.694542
 5.720376
 5.721590
 5.723371
 5.750498
 5.802099
 5.825170
 5.844781
 5.855331
 5.856199
 5.870352
 5.892096
 5.912637
 5.912687
 5.928855
 5.984546
 5.990038
 6.009050
 6.017051
 6.018847
 6.019827
 6.033784
 6.053471
 6.096526
 6.099748
 6.103480
 6.132211
 6.178885
 6.195684
 6.214119
 6.216814
 6.221858
 6.223383
 6.255216
 6.348991
 6.496706
 6.507366
 6.552706
 6.602195
 6.847069
 6.907290
 6.918520
 7.032183
 7.058185
 7.099684
 7.150708
 7.287787
 7.460876
 7.507245
 7.586942
 7.963259
 7.986105
 8.082324
 8.494957
 8.910873
 9.212368
 
listOfInterval = 
-1.171080
 0.905610
 1.943955
 2.982299
 4.020644
 5.058989
 6.097334
 7.135678
 9.212368
 
medianOfInterval = 
-0.132735
 1.424782
 2.463127
 3.501472
 4.539817
 5.578161
 6.616506
 8.174023
 
freqOfInterval = 
10.000000
 19.000000
 56.000000
 54.000000
 91.000000
 63.000000
 21.000000
 11.000000
 
reblativeFreqOfIntervall = 
0.030769
 0.058462
 0.172308
 0.166154
 0.280000
 0.193846
 0.064615
 0.033846
 
empireDensity / Height Gists = 
0.029633
 0.056303
 0.165945
 0.160018
 0.269660
 0.186688
 0.062229
 0.032596
 
teoreticDensity = 
0.015724
 0.086187
 0.180254
 0.274544
 0.304523
 0.245987
 0.144706
 0.036027
 
EmpiricalMx = 4.160112
 
EmpiricalDx = 2.810657
 
EmpiricalMedian = 4.142051
 
EmpiricalDisp = 2.937760
 
leftConfIntervalMX = 3.920565
 
rightConfIntervalMX = 4.363536
 
leftLimDX = 2.470551
 
rightLimDX = 3.563258
 
getProbPrac = 
0.028528
 0.070347
 0.149474
 0.222448
 0.231900
 0.169353
 0.086626
 0.038807
 
getProbTeor = 
0.021305
 0.057398
 0.131429
 0.210769
 0.236769
 0.186323
 0.102704
 0.050358
 
getHiPrac = 12.890880
 
getHiTeor = 17.588739
 
HiAllowably = 16.750000
 
HiAllowably = 20.278000
 
