listic = 
-0.121710
 0.360380
 0.477681
 0.530160
 0.757947
 0.960235
 0.971768
 1.114429
 1.123834
 1.157729
 1.174566
 1.189778
 1.239405
 1.302669
 1.304963
 1.309363
 1.369844
 1.578799
 1.598197
 1.598337
 1.602998
 1.638302
 1.644484
 1.673133
 1.813190
 1.833672
 1.839466
 1.845924
 1.916453
 1.917589
 2.020478
 2.027972
 2.109595
 2.119503
 2.124266
 2.147430
 2.154582
 2.170241
 2.222317
 2.264554
 2.283179
 2.387248
 2.388507
 2.400029
 2.405690
 2.420091
 2.422281
 2.502653
 2.542232
 2.565747
 2.570246
 2.573697
 2.586325
 2.621850
 2.622550
 2.635995
 2.677190
 2.679029
 2.680331
 2.684876
 2.726861
 2.773911
 2.814304
 2.886095
 2.901118
 2.926589
 2.930498
 2.932133
 2.955811
 3.008924
 3.023468
 3.029885
 3.035043
 3.039156
 3.089349
 3.095651
 3.128378
 3.149975
 3.157760
 3.184739
 3.195842
 3.197321
 3.249064
 3.294442
 3.309897
 3.314044
 3.317073
 3.331531
 3.337880
 3.358531
 3.362095
 3.371792
 3.374953
 3.391896
 3.398646
 3.403912
 3.436959
 3.439336
 3.447883
 3.468032
 3.474192
 3.478125
 3.491854
 3.496055
 3.520577
 3.567317
 3.567970
 3.571582
 3.645971
 3.651371
 3.677151
 3.680083
 3.725806
 3.739762
 3.741225
 3.741396
 3.749236
 3.757746
 3.800976
 3.825242
 3.861909
 3.866249
 3.871656
 3.897887
 3.900272
 3.922570
 3.924156
 3.932803
 3.951811
 3.962616
 3.967800
 4.018369
 4.024950
 4.025373
 4.053147
 4.063785
 4.086952
 4.112340
 4.112661
 4.161554
 4.163957
 4.192022
 4.218477
 4.262202
 4.291335
 4.302815
 4.318353
 4.325255
 4.366190
 4.389368
 4.405610
 4.419646
 4.425807
 4.435856
 4.450176
 4.473315
 4.492861
 4.498402
 4.551621
 4.557058
 4.609199
 4.643098
 4.650496
 4.664160
 4.682500
 4.683755
 4.687158
 4.713545
 4.743330
 4.751216
 4.753514
 4.754497
 4.763221
 4.763554
 4.764468
 4.784097
 4.793166
 4.806772
 4.826762
 4.829995
 4.847335
 4.871435
 4.873587
 4.873837
 4.888685
 4.900454
 4.905137
 4.909406
 4.923729
 4.930479
 4.936551
 4.975114
 4.978391
 4.990360
 5.004835
 5.006450
 5.008961
 5.014260
 5.028106
 5.033164
 5.071780
 5.082645
 5.094535
 5.119514
 5.133286
 5.147608
 5.151241
 5.182845
 5.195444
 5.203058
 5.259383
 5.276872
 5.307428
 5.346509
 5.365235
 5.370341
 5.373175
 5.373974
 5.384803
 5.408722
 5.442442
 5.459514
 5.460853
 5.475434
 5.482454
 5.493232
 5.502937
 5.504406
 5.521673
 5.530875
 5.537045
 5.570277
 5.577729
 5.586490
 5.593653
 5.615823
 5.621367
 5.628885
 5.651743
 5.697192
 5.730253
 5.747777
 5.754597
 5.776679
 5.800251
 5.807205
 5.816451
 5.845298
 5.862199
 5.914259
 5.925802
 5.960175
 5.969297
 5.987619
 5.991890
 6.038358
 6.041720
 6.047720
 6.058458
 6.117607
 6.120812
 6.146587
 6.176654
 6.210918
 6.211301
 6.231012
 6.246276
 6.247695
 6.269103
 6.274875
 6.277702
 6.293369
 6.311251
 6.314871
 6.321706
 6.324236
 6.341806
 6.349769
 6.390774
 6.396484
 6.413919
 6.517054
 6.546453
 6.550825
 6.571303
 6.605756
 6.663942
 6.674686
 6.722703
 6.743193
 6.751793
 6.792570
 6.895579
 6.912586
 6.984861
 7.007288
 7.126583
 7.172299
 7.189976
 7.231437
 7.250480
 7.265217
 7.286302
 7.330773
 7.333537
 7.343649
 7.390842
 7.426364
 7.533543
 7.555991
 7.558440
 7.596471
 7.642037
 7.753033
 8.030103
 8.040954
 8.249062
 8.291255
 8.344295
 8.415451
 8.425447
 9.263016
 9.497114
 9.828676
 10.577415
 
listOfInterval = 
-0.121710
 0.948202
 2.018115
 3.088027
 4.157940
 5.227852
 6.297765
 7.367677
 10.577415
 
medianOfInterval = 
0.413246
 1.483159
 2.553071
 3.622983
 4.692896
 5.762808
 6.832721
 8.972546
 
freqOfInterval = 
5.000000
 25.000000
 44.000000
 65.000000
 71.000000
 62.000000
 34.000000
 19.000000
 
reblativeFreqOfIntervall = 
0.015385
 0.076923
 0.135385
 0.200000
 0.218462
 0.190769
 0.104615
 0.058462
 
empireDensity / Height Gists = 
0.014379
 0.071897
 0.126538
 0.186931
 0.204186
 0.178304
 0.097779
 0.054641
 
teoreticDensity = 
0.030963
 0.090596
 0.189304
 0.282484
 0.301029
 0.229089
 0.124503
 0.013393
 
EmpiricalMx = 4.516967
 
EmpiricalDx = 3.464775
 
EmpiricalMedian = 4.554630
 
EmpiricalDisp = 3.672141
 
leftConfIntervalMX = 4.307004
 
rightConfIntervalMX = 4.802257
 
leftLimDX = 3.088139
 
rightLimDX = 4.454000
 
getProbPrac = 
0.022581
 0.062889
 0.129228
 0.195966
 0.219324
 0.181170
 0.110449
 0.070220
 
getProbTeor = 
0.027829
 0.073332
 0.142583
 0.204593
 0.216672
 0.169359
 0.097697
 0.057673
 
getHiPrac = 2.792085
 
getHiTeor = 3.064625
 
HiAllowably = 16.750000
 
HiAllowably = 20.278000
 
