listOfInterval = 
-12.445170
 -10.008560
 -7.571950
 -5.135339
 -2.698729
 -0.262118
 2.174492
 4.611103
 7.047713
 9.484324
 11.920934
 
medianOfInterval = 
-11.226865
 -8.790255
 -6.353644
 -3.917034
 -1.480423
 0.956187
 3.392798
 5.829408
 8.266019
 10.702629
 
freqOfInterval = 
1.000000
 7.000000
 26.000000
 68.000000
 87.000000
 108.000000
 64.000000
 27.000000
 7.000000
 6.000000
 
reblativeFreqOfIntervall = 
0.002500
 0.017500
 0.065000
 0.170000
 0.217500
 0.270000
 0.160000
 0.067500
 0.017500
 0.015000
 
empireDensity / Height Gists = 
0.001026
 0.007182
 0.026676
 0.069769
 0.089263
 0.110810
 0.065665
 0.027702
 0.007182
 0.006156
 
teoreticDensity = 
0.001811
 0.006019
 0.019222
 0.054172
 0.109328
 0.118121
 0.065465
 0.024393
 0.007766
 0.002349
 
